Wed Mar 11 20:09:19 PDT 2020
[1] "/u/home/b/bnadel/TimingSpace/Inputs/Mixes/GTEX100Samples.tsv"                 
[2] "/u/home/b/bnadel/TimingSpace/Inputs/RefMats/LM22.tsv"                         
[3] "/u/home/b/bnadel/TimingSpace/Predictions/Cibersort_GTEX100Samples.tsvLM22.tsv"
[1] "character"
                         B cells naive B cells memory   Monocytes
GTEX-1117F-0226-SM-5GZZ7  3.802470e-02   0.000000e+00 0.007318126
GTEX-1117F-0426-SM-5EGHI  8.686812e-02   0.000000e+00 0.065981823
GTEX-1117F-0526-SM-5EGHJ  2.553645e-01   0.000000e+00 0.047943361
GTEX-1117F-0626-SM-5N9CS  7.130148e-02   0.000000e+00 0.012654683
GTEX-1117F-0726-SM-5GIEN  1.153150e-01   2.668655e-02 0.022478772
GTEX-1117F-1326-SM-5EGHH  1.325596e-01   0.000000e+00 0.038229952
GTEX-1117F-2426-SM-5EGGH  1.058637e-01   0.000000e+00 0.018335739
GTEX-1117F-2526-SM-5GZY6  0.000000e+00   0.000000e+00 0.013273550
GTEX-1117F-2826-SM-5GZXL  8.459760e-02   0.000000e+00 0.103203671
GTEX-1117F-2926-SM-5GZYI  1.056864e-02   0.000000e+00 0.000000000
GTEX-1117F-3026-SM-5GZYU  7.943791e-02   0.000000e+00 0.021776673
GTEX-1117F-3226-SM-5N9CT  3.651425e-02   1.914602e-03 0.029099299
GTEX-111CU-0126-SM-5GZWZ  1.628993e-02   0.000000e+00 0.172128295
GTEX-111CU-0226-SM-5GZXC  4.810585e-02   0.000000e+00 0.161672954
GTEX-111CU-0326-SM-5GZXO  3.026672e-02   0.000000e+00 0.260426681
GTEX-111CU-0426-SM-5GZY1  1.547120e-01   2.181532e-01 0.104362061
GTEX-111CU-0526-SM-5EGHK  1.121225e-01   0.000000e+00 0.094751468
GTEX-111CU-0626-SM-5EGHL  5.458359e-02   0.000000e+00 0.114017786
GTEX-111CU-0726-SM-5GZYD  1.369085e-02   4.536132e-02 0.026508422
GTEX-111CU-0826-SM-5EGIJ  0.000000e+00   6.471914e-03 0.082679043
GTEX-111CU-0926-SM-5EGIK  1.891242e-01   0.000000e+00 0.011693396
GTEX-111CU-1026-SM-5EGIL  6.773081e-02   0.000000e+00 0.146481024
GTEX-111CU-1126-SM-5EGIM  3.485621e-02   0.000000e+00 0.000000000
GTEX-111CU-1226-SM-5EGIN  0.000000e+00   7.026012e-03 0.097846172
GTEX-111CU-1326-SM-5NQ8L  7.603283e-02   0.000000e+00 0.275215361
GTEX-111CU-1426-SM-5GZYP  2.936149e-02   0.000000e+00 0.011634108
GTEX-111CU-1526-SM-5N9FS  3.789521e-02   0.000000e+00 0.088606456
GTEX-111CU-1726-SM-5EGHM  3.138058e-01   0.000000e+00 0.025174488
GTEX-111CU-1826-SM-5GZYN  3.075801e-02   0.000000e+00 0.168264639
GTEX-111CU-2026-SM-5GZZC  8.680372e-02   0.000000e+00 0.061738090
GTEX-111CU-2226-SM-5N9G5  7.207632e-02   0.000000e+00 0.120508683
GTEX-111FC-0126-SM-5N9DL  0.000000e+00   3.365814e-03 0.027477609
GTEX-111FC-0226-SM-5N9B8  2.963933e-03   6.526735e-03 0.029321165
GTEX-111FC-0326-SM-5GZZ1  5.864918e-02   0.000000e+00 0.032641269
GTEX-111FC-0426-SM-5N9CV  0.000000e+00   1.142191e-02 0.046247440
GTEX-111FC-0526-SM-5GZZ8  0.000000e+00   9.815959e-03 0.055180402
GTEX-111FC-0626-SM-5N9CU  0.000000e+00   1.542320e-03 0.102658226
GTEX-111FC-0826-SM-5GZWO  2.853427e-02   0.000000e+00 0.031291492
GTEX-111FC-1026-SM-5GZX1  2.146625e-02   2.062451e-03 0.079657414
GTEX-111FC-1126-SM-5GZWU  1.798871e-02   0.000000e+00 0.037069619
GTEX-111FC-1326-SM-5N9D9  0.000000e+00   4.547465e-01 0.032373784
GTEX-111FC-1926-SM-5GZYC  3.364610e-01   0.000000e+00 0.018513382
GTEX-111FC-2026-SM-5GZYO  6.423582e-02   0.000000e+00 0.031099683
GTEX-111FC-2526-SM-5GZXU  3.764807e-02   0.000000e+00 0.000000000
GTEX-111FC-2926-SM-5GZY7  8.730807e-02   0.000000e+00 0.028716901
GTEX-111FC-3126-SM-5GZZ2  6.278547e-04   1.360558e-01 0.216864724
GTEX-111FC-3326-SM-5GZYV  2.272135e-01   0.000000e+00 0.084938807
GTEX-111VG-0008-SM-5Q5BG  0.000000e+00   5.509985e-02 0.000000000
GTEX-111VG-0326-SM-5GZX7  4.779847e-02   0.000000e+00 0.028154678
GTEX-111VG-0526-SM-5N9BW  1.788142e-01   2.324157e-05 0.026793946
GTEX-111VG-0726-SM-5GIDC  0.000000e+00   1.326337e-02 0.012521727
GTEX-111VG-1626-SM-5EGIO  0.000000e+00   1.451289e-02 0.026165633
GTEX-111VG-1926-SM-5GIDO  2.321272e-01   0.000000e+00 0.077099255
GTEX-111VG-2226-SM-5N9DU  1.300438e-02   4.844209e-03 0.000000000
GTEX-111VG-2326-SM-5N9BK  7.391089e-03   2.760503e-03 0.000000000
GTEX-111VG-2426-SM-5GZXD  7.510030e-04   3.535077e-03 0.003849964
GTEX-111VG-2526-SM-5GZXP  6.668826e-02   2.311836e-02 0.105777393
GTEX-111VG-2626-SM-5GZY2  6.540838e-02   0.000000e+00 0.026480081
GTEX-111YS-0006-SM-5NQBE  1.802183e-02   0.000000e+00 0.110698360
GTEX-111YS-0008-SM-5Q5BH  1.315064e-02   0.000000e+00 0.002191682
GTEX-111YS-0126-SM-5987T  3.840538e-02   0.000000e+00 0.111847247
GTEX-111YS-0326-SM-5GZZ3  2.115785e-02   0.000000e+00 0.208409661
GTEX-111YS-0426-SM-5987O  5.164532e-02   0.000000e+00 0.151326222
GTEX-111YS-0526-SM-5GZXJ  6.442272e-02   0.000000e+00 0.177092091
GTEX-111YS-0626-SM-5GZXV  2.184814e-02   0.000000e+00 0.245658569
GTEX-111YS-0726-SM-5GZY8  7.434645e-02   0.000000e+00 0.046321019
GTEX-111YS-0826-SM-5GZYK  2.500009e-02   0.000000e+00 0.021771304
GTEX-111YS-0926-SM-5EGGI  1.726163e-02   0.000000e+00 0.195512542
GTEX-111YS-1026-SM-5GZYE  5.177669e-02   0.000000e+00 0.061615234
GTEX-111YS-1126-SM-5GZYQ  1.145932e-01   0.000000e+00 0.061357105
GTEX-111YS-1226-SM-5EGGJ  9.534602e-02   0.000000e+00 0.058593613
GTEX-111YS-1326-SM-5EGGK  7.862185e-02   0.000000e+00 0.129731155
GTEX-111YS-1426-SM-5GID8  3.448389e-02   0.000000e+00 0.015695901
GTEX-111YS-1526-SM-5GZYW  2.768946e-05   8.066674e-03 0.012543626
GTEX-111YS-1626-SM-5GZZ9  4.364579e-03   1.221407e-03 0.081093506
GTEX-111YS-1726-SM-5GIED  8.463028e-02   0.000000e+00 0.069559472
GTEX-111YS-1826-SM-5GIEP  2.731704e-02   0.000000e+00 0.111224458
GTEX-111YS-1926-SM-5GICC  2.133832e-01   0.000000e+00 0.011919623
GTEX-111YS-2026-SM-5EGGL  2.301783e-01   0.000000e+00 0.062157720
GTEX-111YS-2126-SM-5EGGM  7.604629e-02   0.000000e+00 0.094051372
GTEX-111YS-2226-SM-5987P  0.000000e+00   3.256424e-03 0.118515442
GTEX-111YS-2326-SM-5987L  6.408022e-02   0.000000e+00 0.173610050
GTEX-111YS-2426-SM-5GZZQ  4.432433e-02   0.000000e+00 0.086587001
GTEX-1122O-0003-SM-5Q5DL  2.688228e-01   4.162522e-02 0.000000000
GTEX-1122O-0005-SM-5O99J  5.938133e-02   0.000000e+00 0.000000000
GTEX-1122O-0008-SM-5QGR2  0.000000e+00   2.473957e-02 0.000000000
GTEX-1122O-0126-SM-5GICA  5.104452e-02   0.000000e+00 0.219945915
GTEX-1122O-0226-SM-5N9DA  1.202941e-02   0.000000e+00 0.051883384
GTEX-1122O-0326-SM-5H124  9.410631e-03   0.000000e+00 0.102023704
GTEX-1122O-0426-SM-5H12G  5.686985e-02   0.000000e+00 0.194240178
GTEX-1122O-0526-SM-5N9DM  2.092965e-01   1.016424e-01 0.114249452
GTEX-1122O-0626-SM-5N9B9  0.000000e+00   5.700608e-03 0.076946607
GTEX-1122O-0726-SM-5GIEV  1.016821e-01   0.000000e+00 0.107671706
GTEX-1122O-0826-SM-5GICV  6.209282e-02   0.000000e+00 0.101317393
GTEX-1122O-0926-SM-9YFLC  4.933323e-02   0.000000e+00 0.197883391
GTEX-1122O-1026-SM-9WYSF  2.572052e-02   5.286677e-03 0.019879399
GTEX-1122O-1126-SM-5NQ8X  1.315374e-01   0.000000e+00 0.070831183
GTEX-1122O-1226-SM-5H113  8.532222e-02   0.000000e+00 0.050243962
GTEX-1122O-1326-SM-5H11F  2.279744e-02   0.000000e+00 0.030806191
                         NK cells resting NK cells activated  Neutrophils
GTEX-1117F-0226-SM-5GZZ7     0.0519444303       0.0000000000 0.000000e+00
GTEX-1117F-0426-SM-5EGHI     0.0988798588       0.0292865739 0.000000e+00
GTEX-1117F-0526-SM-5EGHJ     0.0223247684       0.0209389856 0.000000e+00
GTEX-1117F-0626-SM-5N9CS     0.0262869687       0.0014544332 5.436978e-03
GTEX-1117F-0726-SM-5GIEN     0.0265365080       0.0000000000 8.029884e-03
GTEX-1117F-1326-SM-5EGHH     0.0000000000       0.0277336537 8.212111e-03
GTEX-1117F-2426-SM-5EGGH     0.0000000000       0.0349802430 7.871133e-03
GTEX-1117F-2526-SM-5GZY6     0.0000000000       0.0686763219 7.498079e-03
GTEX-1117F-2826-SM-5GZXL     0.0045011654       0.0087392157 1.505210e-02
GTEX-1117F-2926-SM-5GZYI     0.0000000000       0.0203449610 0.000000e+00
GTEX-1117F-3026-SM-5GZYU     0.0000000000       0.0244042355 0.000000e+00
GTEX-1117F-3226-SM-5N9CT     0.0000000000       0.0230719418 7.486261e-03
GTEX-111CU-0126-SM-5GZWZ     0.0379726751       0.0017430997 7.279544e-03
GTEX-111CU-0226-SM-5GZXC     0.0164961810       0.0232520136 3.761976e-03
GTEX-111CU-0326-SM-5GZXO     0.0536994104       0.0000000000 1.358318e-01
GTEX-111CU-0426-SM-5GZY1     0.0000000000       0.0300794626 1.078879e-01
GTEX-111CU-0526-SM-5EGHK     0.0457502184       0.0000000000 0.000000e+00
GTEX-111CU-0626-SM-5EGHL     0.0341239189       0.0118852208 0.000000e+00
GTEX-111CU-0726-SM-5GZYD     0.0176691651       0.0000000000 0.000000e+00
GTEX-111CU-0826-SM-5EGIJ     0.0800495707       0.0095715510 3.995620e-03
GTEX-111CU-0926-SM-5EGIK     0.0000000000       0.0105795249 0.000000e+00
GTEX-111CU-1026-SM-5EGIL     0.0000000000       0.0288850061 1.955944e-01
GTEX-111CU-1126-SM-5EGIM     0.0021889462       0.0210147347 1.638129e-02
GTEX-111CU-1226-SM-5EGIN     0.0393885294       0.0392200034 0.000000e+00
GTEX-111CU-1326-SM-5NQ8L     0.0260256729       0.0006907628 1.977932e-02
GTEX-111CU-1426-SM-5GZYP     0.0167700226       0.0000000000 0.000000e+00
GTEX-111CU-1526-SM-5N9FS     0.0035288652       0.0419803319 9.934655e-03
GTEX-111CU-1726-SM-5EGHM     0.0511859716       0.0308118750 0.000000e+00
GTEX-111CU-1826-SM-5GZYN     0.0042511473       0.0079344167 0.000000e+00
GTEX-111CU-2026-SM-5GZZC     0.1592252320       0.0068047237 7.679133e-03
GTEX-111CU-2226-SM-5N9G5     0.0000000000       0.0289507051 3.281033e-03
GTEX-111FC-0126-SM-5N9DL     0.0000000000       0.0488243819 0.000000e+00
GTEX-111FC-0226-SM-5N9B8     0.0052769445       0.0096035826 0.000000e+00
GTEX-111FC-0326-SM-5GZZ1     0.0203169887       0.0932399997 0.000000e+00
GTEX-111FC-0426-SM-5N9CV     0.0000000000       0.0251917106 7.626996e-03
GTEX-111FC-0526-SM-5GZZ8     0.0260859822       0.0156883796 0.000000e+00
GTEX-111FC-0626-SM-5N9CU     0.0601455868       0.0000000000 0.000000e+00
GTEX-111FC-0826-SM-5GZWO     0.0807292535       0.0534993893 1.161177e-04
GTEX-111FC-1026-SM-5GZX1     0.1147534386       0.0714366334 0.000000e+00
GTEX-111FC-1126-SM-5GZWU     0.1083955876       0.0558477904 5.840839e-02
GTEX-111FC-1326-SM-5N9D9     0.1020235204       0.0476723692 2.057966e-02
GTEX-111FC-1926-SM-5GZYC     0.0000000000       0.0702216469 0.000000e+00
GTEX-111FC-2026-SM-5GZYO     0.0115121968       0.0224778331 0.000000e+00
GTEX-111FC-2526-SM-5GZXU     0.0057073072       0.0218146906 0.000000e+00
GTEX-111FC-2926-SM-5GZY7     0.0059156921       0.0188540529 0.000000e+00
GTEX-111FC-3126-SM-5GZZ2     0.0779138424       0.0323468625 0.000000e+00
GTEX-111FC-3326-SM-5GZYV     0.0267452078       0.0566698029 0.000000e+00
GTEX-111VG-0008-SM-5Q5BG     0.0859701948       0.0000000000 0.000000e+00
GTEX-111VG-0326-SM-5GZX7     0.1425612738       0.0158139703 8.881312e-02
GTEX-111VG-0526-SM-5N9BW     0.0000000000       0.0651345131 3.840596e-02
GTEX-111VG-0726-SM-5GIDC     0.1195004749       0.0000000000 1.461041e-01
GTEX-111VG-1626-SM-5EGIO     0.0000000000       0.0034935309 0.000000e+00
GTEX-111VG-1926-SM-5GIDO     0.2301198247       0.0000000000 0.000000e+00
GTEX-111VG-2226-SM-5N9DU     0.0016624838       0.0089207208 0.000000e+00
GTEX-111VG-2326-SM-5N9BK     0.0000000000       0.0079587618 3.221840e-06
GTEX-111VG-2426-SM-5GZXD     0.0000000000       0.0125820729 6.138801e-03
GTEX-111VG-2526-SM-5GZXP     0.0000000000       0.0274247697 0.000000e+00
GTEX-111VG-2626-SM-5GZY2     0.0267461412       0.0215297920 5.813141e-04
GTEX-111YS-0006-SM-5NQBE     0.0553992095       0.0000000000 7.123351e-01
GTEX-111YS-0008-SM-5Q5BH     0.1091611044       0.0000000000 0.000000e+00
GTEX-111YS-0126-SM-5987T     0.0931936817       0.0000000000 4.001508e-05
GTEX-111YS-0326-SM-5GZZ3     0.0099921103       0.0000000000 1.515040e-02
GTEX-111YS-0426-SM-5987O     0.0323915730       0.0192363746 4.693865e-02
GTEX-111YS-0526-SM-5GZXJ     0.0086439891       0.0201667696 0.000000e+00
GTEX-111YS-0626-SM-5GZXV     0.0557506462       0.0000000000 1.740355e-01
GTEX-111YS-0726-SM-5GZY8     0.0069352368       0.0072281814 0.000000e+00
GTEX-111YS-0826-SM-5GZYK     0.0078396297       0.0281100818 0.000000e+00
GTEX-111YS-0926-SM-5EGGI     0.0000000000       0.0333271637 9.234096e-03
GTEX-111YS-1026-SM-5GZYE     0.0588899306       0.0329165782 8.877375e-03
GTEX-111YS-1126-SM-5GZYQ     0.0365411361       0.0000000000 0.000000e+00
GTEX-111YS-1226-SM-5EGGJ     0.0000000000       0.0155062891 0.000000e+00
GTEX-111YS-1326-SM-5EGGK     0.0254432509       0.0000000000 2.344075e-02
GTEX-111YS-1426-SM-5GID8     0.0274313230       0.0344476190 0.000000e+00
GTEX-111YS-1526-SM-5GZYW     0.0000000000       0.0000000000 5.067782e-02
GTEX-111YS-1626-SM-5GZZ9     0.1295547724       0.0000000000 0.000000e+00
GTEX-111YS-1726-SM-5GIED     0.0000000000       0.0601161205 0.000000e+00
GTEX-111YS-1826-SM-5GIEP     0.1145183144       0.0000000000 0.000000e+00
GTEX-111YS-1926-SM-5GICC     0.0191706836       0.0391419014 0.000000e+00
GTEX-111YS-2026-SM-5EGGL     0.1280731977       0.0000000000 0.000000e+00
GTEX-111YS-2126-SM-5EGGM     0.0223927871       0.0041118249 0.000000e+00
GTEX-111YS-2226-SM-5987P     0.0540867056       0.0093410927 4.440140e-02
GTEX-111YS-2326-SM-5987L     0.0007776916       0.0320787003 2.883986e-03
GTEX-111YS-2426-SM-5GZZQ     0.0267785970       0.0000000000 5.179543e-03
GTEX-1122O-0003-SM-5Q5DL     0.0000000000       0.0109897128 0.000000e+00
GTEX-1122O-0005-SM-5O99J     0.0262963238       0.0000000000 7.847352e-01
GTEX-1122O-0008-SM-5QGR2     0.0805696858       0.0000000000 0.000000e+00
GTEX-1122O-0126-SM-5GICA     0.1268845157       0.0000000000 1.379607e-01
GTEX-1122O-0226-SM-5N9DA     0.0509738580       0.0387428006 0.000000e+00
GTEX-1122O-0326-SM-5H124     0.0211950943       0.0261188002 0.000000e+00
GTEX-1122O-0426-SM-5H12G     0.0000000000       0.0186143179 0.000000e+00
GTEX-1122O-0526-SM-5N9DM     0.0082476975       0.0301469381 6.571437e-02
GTEX-1122O-0626-SM-5N9B9     0.0952518014       0.0046269871 1.519019e-02
GTEX-1122O-0726-SM-5GIEV     0.0012240688       0.0320964848 0.000000e+00
GTEX-1122O-0826-SM-5GICV     0.1023222097       0.0000000000 1.371699e-02
GTEX-1122O-0926-SM-9YFLC     0.0000000000       0.0153896117 0.000000e+00
GTEX-1122O-1026-SM-9WYSF     0.0621873843       0.0157311337 1.947317e-02
GTEX-1122O-1126-SM-5NQ8X     0.0000000000       0.0216230948 4.495683e-02
GTEX-1122O-1226-SM-5H113     0.0254267733       0.0000000000 0.000000e+00
GTEX-1122O-1326-SM-5H11F     0.0365191222       0.0173069828 0.000000e+00
                         T cells CD4 naive T cells CD4 memory resting
GTEX-1117F-0226-SM-5GZZ7        0.00000000                0.108113257
GTEX-1117F-0426-SM-5EGHI        0.00000000                0.015780708
GTEX-1117F-0526-SM-5EGHJ        0.00000000                0.118354634
GTEX-1117F-0626-SM-5N9CS        0.00000000                0.261692838
GTEX-1117F-0726-SM-5GIEN        0.00000000                0.347148966
GTEX-1117F-1326-SM-5EGHH        0.00000000                0.155067794
GTEX-1117F-2426-SM-5EGGH        0.00000000                0.081094214
GTEX-1117F-2526-SM-5GZY6        0.00000000                0.127549090
GTEX-1117F-2826-SM-5GZXL        0.00000000                0.198847976
GTEX-1117F-2926-SM-5GZYI        0.00000000                0.052943726
GTEX-1117F-3026-SM-5GZYU        0.00000000                0.072585861
GTEX-1117F-3226-SM-5N9CT        0.00000000                0.095853567
GTEX-111CU-0126-SM-5GZWZ        0.00000000                0.157375206
GTEX-111CU-0226-SM-5GZXC        0.00000000                0.186613391
GTEX-111CU-0326-SM-5GZXO        0.00000000                0.072770786
GTEX-111CU-0426-SM-5GZY1        0.00000000                0.039549652
GTEX-111CU-0526-SM-5EGHK        0.00000000                0.111083948
GTEX-111CU-0626-SM-5EGHL        0.00000000                0.114026171
GTEX-111CU-0726-SM-5GZYD        0.00000000                0.093515227
GTEX-111CU-0826-SM-5EGIJ        0.00000000                0.099063687
GTEX-111CU-0926-SM-5EGIK        0.00000000                0.204456989
GTEX-111CU-1026-SM-5EGIL        0.00000000                0.057188839
GTEX-111CU-1126-SM-5EGIM        0.00000000                0.000000000
GTEX-111CU-1226-SM-5EGIN        0.00000000                0.145902652
GTEX-111CU-1326-SM-5NQ8L        0.00000000                0.095455229
GTEX-111CU-1426-SM-5GZYP        0.00000000                0.195528983
GTEX-111CU-1526-SM-5N9FS        0.00000000                0.158616660
GTEX-111CU-1726-SM-5EGHM        0.08418786                0.180591327
GTEX-111CU-1826-SM-5GZYN        0.00000000                0.065830620
GTEX-111CU-2026-SM-5GZZC        0.00000000                0.188397039
GTEX-111CU-2226-SM-5N9G5        0.00000000                0.077862116
GTEX-111FC-0126-SM-5N9DL        0.00000000                0.261407144
GTEX-111FC-0226-SM-5N9B8        0.00000000                0.126556705
GTEX-111FC-0326-SM-5GZZ1        0.00000000                0.000000000
GTEX-111FC-0426-SM-5N9CV        0.00000000                0.164730144
GTEX-111FC-0526-SM-5GZZ8        0.00000000                0.215956942
GTEX-111FC-0626-SM-5N9CU        0.00000000                0.210216188
GTEX-111FC-0826-SM-5GZWO        0.00000000                0.000000000
GTEX-111FC-1026-SM-5GZX1        0.00000000                0.280373339
GTEX-111FC-1126-SM-5GZWU        0.00000000                0.174037056
GTEX-111FC-1326-SM-5N9D9        0.00000000                0.000000000
GTEX-111FC-1926-SM-5GZYC        0.00000000                0.009430840
GTEX-111FC-2026-SM-5GZYO        0.00000000                0.060998326
GTEX-111FC-2526-SM-5GZXU        0.00000000                0.029140490
GTEX-111FC-2926-SM-5GZY7        0.00000000                0.069995748
GTEX-111FC-3126-SM-5GZZ2        0.00000000                0.000000000
GTEX-111FC-3326-SM-5GZYV        0.00000000                0.000000000
GTEX-111VG-0008-SM-5Q5BG        0.18264343                0.167791289
GTEX-111VG-0326-SM-5GZX7        0.00000000                0.000000000
GTEX-111VG-0526-SM-5N9BW        0.00000000                0.131180378
GTEX-111VG-0726-SM-5GIDC        0.00000000                0.219481391
GTEX-111VG-1626-SM-5EGIO        0.00000000                0.136305445
GTEX-111VG-1926-SM-5GIDO        0.02060465                0.186276298
GTEX-111VG-2226-SM-5N9DU        0.00000000                0.082418485
GTEX-111VG-2326-SM-5N9BK        0.00000000                0.035408610
GTEX-111VG-2426-SM-5GZXD        0.00000000                0.195562384
GTEX-111VG-2526-SM-5GZXP        0.00000000                0.027140283
GTEX-111VG-2626-SM-5GZY2        0.00000000                0.091504844
GTEX-111YS-0006-SM-5NQBE        0.02101559                0.003250914
GTEX-111YS-0008-SM-5Q5BH        0.25384445                0.199942839
GTEX-111YS-0126-SM-5987T        0.00000000                0.144119193
GTEX-111YS-0326-SM-5GZZ3        0.00000000                0.116746891
GTEX-111YS-0426-SM-5987O        0.00000000                0.199792743
GTEX-111YS-0526-SM-5GZXJ        0.00000000                0.146154789
GTEX-111YS-0626-SM-5GZXV        0.00000000                0.168940852
GTEX-111YS-0726-SM-5GZY8        0.00000000                0.204609279
GTEX-111YS-0826-SM-5GZYK        0.00000000                0.169457539
GTEX-111YS-0926-SM-5EGGI        0.00000000                0.096456117
GTEX-111YS-1026-SM-5GZYE        0.00000000                0.270647706
GTEX-111YS-1126-SM-5GZYQ        0.00000000                0.250962814
GTEX-111YS-1226-SM-5EGGJ        0.00000000                0.178149396
GTEX-111YS-1326-SM-5EGGK        0.00000000                0.170808980
GTEX-111YS-1426-SM-5GID8        0.00000000                0.207890957
GTEX-111YS-1526-SM-5GZYW        0.00000000                0.126696748
GTEX-111YS-1626-SM-5GZZ9        0.00000000                0.302635042
GTEX-111YS-1726-SM-5GIED        0.00000000                0.275279484
GTEX-111YS-1826-SM-5GIEP        0.00000000                0.267198906
GTEX-111YS-1926-SM-5GICC        0.01394964                0.042913424
GTEX-111YS-2026-SM-5EGGL        0.19566761                0.053218780
GTEX-111YS-2126-SM-5EGGM        0.00000000                0.118326428
GTEX-111YS-2226-SM-5987P        0.00000000                0.223009072
GTEX-111YS-2326-SM-5987L        0.00000000                0.091954539
GTEX-111YS-2426-SM-5GZZQ        0.00000000                0.102204210
GTEX-1122O-0003-SM-5Q5DL        0.00000000                0.000000000
GTEX-1122O-0005-SM-5O99J        0.01600441                0.000000000
GTEX-1122O-0008-SM-5QGR2        0.18678960                0.197868776
GTEX-1122O-0126-SM-5GICA        0.00000000                0.214759666
GTEX-1122O-0226-SM-5N9DA        0.00000000                0.287309321
GTEX-1122O-0326-SM-5H124        0.00000000                0.176359086
GTEX-1122O-0426-SM-5H12G        0.00000000                0.119016732
GTEX-1122O-0526-SM-5N9DM        0.00000000                0.031858222
GTEX-1122O-0626-SM-5N9B9        0.00000000                0.145074041
GTEX-1122O-0726-SM-5GIEV        0.00000000                0.165626710
GTEX-1122O-0826-SM-5GICV        0.00000000                0.117161362
GTEX-1122O-0926-SM-9YFLC        0.00000000                0.073774523
GTEX-1122O-1026-SM-9WYSF        0.00000000                0.104297077
GTEX-1122O-1126-SM-5NQ8X        0.00000000                0.051567882
GTEX-1122O-1226-SM-5H113        0.00694473                0.008190259
GTEX-1122O-1326-SM-5H11F        0.00000000                0.161288461
                         T cells CD4 memory activated  T cells CD8
GTEX-1117F-0226-SM-5GZZ7                  0.000000000 0.0182382514
GTEX-1117F-0426-SM-5EGHI                  0.000000000 0.2731359948
GTEX-1117F-0526-SM-5EGHJ                  0.000000000 0.0958146695
GTEX-1117F-0626-SM-5N9CS                  0.000000000 0.0467903022
GTEX-1117F-0726-SM-5GIEN                  0.000000000 0.0586630519
GTEX-1117F-1326-SM-5EGHH                  0.012768751 0.2051392877
GTEX-1117F-2426-SM-5EGGH                  0.000000000 0.1030976117
GTEX-1117F-2526-SM-5GZY6                  0.000000000 0.2891821269
GTEX-1117F-2826-SM-5GZXL                  0.000000000 0.0466363729
GTEX-1117F-2926-SM-5GZYI                  0.000000000 0.0651242351
GTEX-1117F-3026-SM-5GZYU                  0.000000000 0.1122174644
GTEX-1117F-3226-SM-5N9CT                  0.000000000 0.0708958510
GTEX-111CU-0126-SM-5GZWZ                  0.000000000 0.0822904926
GTEX-111CU-0226-SM-5GZXC                  0.000000000 0.1346838686
GTEX-111CU-0326-SM-5GZXO                  0.000000000 0.0606426585
GTEX-111CU-0426-SM-5GZY1                  0.000000000 0.1140699909
GTEX-111CU-0526-SM-5EGHK                  0.000000000 0.1623254318
GTEX-111CU-0626-SM-5EGHL                  0.000000000 0.0721166710
GTEX-111CU-0726-SM-5GZYD                  0.000000000 0.0356648006
GTEX-111CU-0826-SM-5EGIJ                  0.000000000 0.0896243477
GTEX-111CU-0926-SM-5EGIK                  0.000000000 0.0927607468
GTEX-111CU-1026-SM-5EGIL                  0.000000000 0.0811848715
GTEX-111CU-1126-SM-5EGIM                  0.000000000 0.0201930356
GTEX-111CU-1226-SM-5EGIN                  0.000000000 0.0053069238
GTEX-111CU-1326-SM-5NQ8L                  0.000000000 0.0442211617
GTEX-111CU-1426-SM-5GZYP                  0.000000000 0.1535912571
GTEX-111CU-1526-SM-5N9FS                  0.000000000 0.1295121540
GTEX-111CU-1726-SM-5EGHM                  0.000000000 0.0314222515
GTEX-111CU-1826-SM-5GZYN                  0.000000000 0.0233974251
GTEX-111CU-2026-SM-5GZZC                  0.000000000 0.0535395833
GTEX-111CU-2226-SM-5N9G5                  0.000000000 0.0430948911
GTEX-111FC-0126-SM-5N9DL                  0.000000000 0.0663992275
GTEX-111FC-0226-SM-5N9B8                  0.000000000 0.0452297277
GTEX-111FC-0326-SM-5GZZ1                  0.000000000 0.2278842341
GTEX-111FC-0426-SM-5N9CV                  0.000000000 0.0831593009
GTEX-111FC-0526-SM-5GZZ8                  0.000000000 0.0508562872
GTEX-111FC-0626-SM-5N9CU                  0.000000000 0.1482427404
GTEX-111FC-0826-SM-5GZWO                  0.000000000 0.1497951630
GTEX-111FC-1026-SM-5GZX1                  0.000000000 0.1146823452
GTEX-111FC-1126-SM-5GZWU                  0.000000000 0.2308036447
GTEX-111FC-1326-SM-5N9D9                  0.000000000 0.2301608584
GTEX-111FC-1926-SM-5GZYC                  0.000000000 0.1281496594
GTEX-111FC-2026-SM-5GZYO                  0.000000000 0.1108169693
GTEX-111FC-2526-SM-5GZXU                  0.000000000 0.0099267300
GTEX-111FC-2926-SM-5GZY7                  0.000000000 0.0558256447
GTEX-111FC-3126-SM-5GZZ2                  0.000000000 0.1833614755
GTEX-111FC-3326-SM-5GZYV                  0.000000000 0.2430457255
GTEX-111VG-0008-SM-5Q5BG                  0.000000000 0.0106652104
GTEX-111VG-0326-SM-5GZX7                  0.000000000 0.1193865544
GTEX-111VG-0526-SM-5N9BW                  0.000000000 0.2336294667
GTEX-111VG-0726-SM-5GIDC                  0.000000000 0.0995793280
GTEX-111VG-1626-SM-5EGIO                  0.000000000 0.1514377287
GTEX-111VG-1926-SM-5GIDO                  0.000000000 0.0517030960
GTEX-111VG-2226-SM-5N9DU                  0.000000000 0.0005743114
GTEX-111VG-2326-SM-5N9BK                  0.000000000 0.0062428177
GTEX-111VG-2426-SM-5GZXD                  0.000000000 0.0757939443
GTEX-111VG-2526-SM-5GZXP                  0.000000000 0.1404469630
GTEX-111VG-2626-SM-5GZY2                  0.000000000 0.1489507093
GTEX-111YS-0006-SM-5NQBE                  0.016139884 0.0159443669
GTEX-111YS-0008-SM-5Q5BH                  0.000000000 0.0000000000
GTEX-111YS-0126-SM-5987T                  0.000000000 0.0961131590
GTEX-111YS-0326-SM-5GZZ3                  0.000000000 0.1240737579
GTEX-111YS-0426-SM-5987O                  0.000000000 0.0235626962
GTEX-111YS-0526-SM-5GZXJ                  0.000000000 0.0776949776
GTEX-111YS-0626-SM-5GZXV                  0.005394127 0.0502080390
GTEX-111YS-0726-SM-5GZY8                  0.000000000 0.1665280838
GTEX-111YS-0826-SM-5GZYK                  0.000000000 0.0520430251
GTEX-111YS-0926-SM-5EGGI                  0.000000000 0.0698464585
GTEX-111YS-1026-SM-5GZYE                  0.000000000 0.0000000000
GTEX-111YS-1126-SM-5GZYQ                  0.000000000 0.2752478148
GTEX-111YS-1226-SM-5EGGJ                  0.000000000 0.1709055868
GTEX-111YS-1326-SM-5EGGK                  0.000000000 0.1233261310
GTEX-111YS-1426-SM-5GID8                  0.000000000 0.1975958360
GTEX-111YS-1526-SM-5GZYW                  0.000000000 0.1349909436
GTEX-111YS-1626-SM-5GZZ9                  0.000000000 0.0403768627
GTEX-111YS-1726-SM-5GIED                  0.000000000 0.1454793623
GTEX-111YS-1826-SM-5GIEP                  0.000000000 0.0470009293
GTEX-111YS-1926-SM-5GICC                  0.000000000 0.0506412119
GTEX-111YS-2026-SM-5EGGL                  0.000000000 0.1642362546
GTEX-111YS-2126-SM-5EGGM                  0.000000000 0.0789093257
GTEX-111YS-2226-SM-5987P                  0.000000000 0.1186802598
GTEX-111YS-2326-SM-5987L                  0.000000000 0.0490992359
GTEX-111YS-2426-SM-5GZZQ                  0.000000000 0.0786659701
GTEX-1122O-0003-SM-5Q5DL                  0.000000000 0.0051431730
GTEX-1122O-0005-SM-5O99J                  0.014664571 0.0000000000
GTEX-1122O-0008-SM-5QGR2                  0.000000000 0.0393054169
GTEX-1122O-0126-SM-5GICA                  0.000000000 0.0376226595
GTEX-1122O-0226-SM-5N9DA                  0.000000000 0.2306071513
GTEX-1122O-0326-SM-5H124                  0.000000000 0.0855112596
GTEX-1122O-0426-SM-5H12G                  0.000000000 0.0580918075
GTEX-1122O-0526-SM-5N9DM                  0.000000000 0.1823887033
GTEX-1122O-0626-SM-5N9B9                  0.000000000 0.0561672443
GTEX-1122O-0726-SM-5GIEV                  0.000000000 0.1371120445
GTEX-1122O-0826-SM-5GICV                  0.000000000 0.1163599423
GTEX-1122O-0926-SM-9YFLC                  0.000000000 0.0724742568
GTEX-1122O-1026-SM-9WYSF                  0.000000000 0.0186379914
GTEX-1122O-1126-SM-5NQ8X                  0.000000000 0.0945929174
GTEX-1122O-1226-SM-5H113                  0.000000000 0.0493274869
GTEX-1122O-1326-SM-5H11F                  0.000000000 0.3321149063
                         Macrophages M0 Macrophages M1 Macrophages M2
GTEX-1117F-0226-SM-5GZZ7   0.000000e+00   0.0409447663    0.280785005
GTEX-1117F-0426-SM-5EGHI   0.000000e+00   0.0197170471    0.293343873
GTEX-1117F-0526-SM-5EGHJ   0.000000e+00   0.0279725707    0.221944635
GTEX-1117F-0626-SM-5N9CS   0.000000e+00   0.0102353820    0.455716570
GTEX-1117F-0726-SM-5GIEN   3.753710e-02   0.0278619003    0.104850845
GTEX-1117F-1326-SM-5EGHH   0.000000e+00   0.0065401409    0.119013854
GTEX-1117F-2426-SM-5EGGH   0.000000e+00   0.0107937736    0.220245221
GTEX-1117F-2526-SM-5GZY6   0.000000e+00   0.0000000000    0.193362304
GTEX-1117F-2826-SM-5GZXL   0.000000e+00   0.0301791413    0.211890891
GTEX-1117F-2926-SM-5GZYI   3.550857e-02   0.0000000000    0.171275149
GTEX-1117F-3026-SM-5GZYU   1.218875e-02   0.0203083768    0.209172447
GTEX-1117F-3226-SM-5N9CT   1.676063e-01   0.0042388535    0.000000000
GTEX-111CU-0126-SM-5GZWZ   0.000000e+00   0.0044321839    0.432870112
GTEX-111CU-0226-SM-5GZXC   0.000000e+00   0.0863787114    0.287149834
GTEX-111CU-0326-SM-5GZXO   1.167418e-01   0.0094943141    0.148455794
GTEX-111CU-0426-SM-5GZY1   5.603517e-02   0.0000000000    0.072928421
GTEX-111CU-0526-SM-5EGHK   0.000000e+00   0.0041213274    0.317121974
GTEX-111CU-0626-SM-5EGHL   0.000000e+00   0.0000000000    0.288645049
GTEX-111CU-0726-SM-5GZYD   2.638670e-02   0.0000000000    0.209035236
GTEX-111CU-0826-SM-5EGIJ   0.000000e+00   0.0000000000    0.283858709
GTEX-111CU-0926-SM-5EGIK   0.000000e+00   0.0124407162    0.041830451
GTEX-111CU-1026-SM-5EGIL   0.000000e+00   0.0615640344    0.186284122
GTEX-111CU-1126-SM-5EGIM   4.617754e-02   0.0000000000    0.152237151
GTEX-111CU-1226-SM-5EGIN   0.000000e+00   0.0047713660    0.348754136
GTEX-111CU-1326-SM-5NQ8L   0.000000e+00   0.0285474112    0.220639175
GTEX-111CU-1426-SM-5GZYP   7.979356e-05   0.0092280475    0.195957577
GTEX-111CU-1526-SM-5N9FS   4.588336e-02   0.0135669167    0.120656008
GTEX-111CU-1726-SM-5EGHM   0.000000e+00   0.0000000000    0.098578077
GTEX-111CU-1826-SM-5GZYN   0.000000e+00   0.0258926242    0.476713312
GTEX-111CU-2026-SM-5GZZC   0.000000e+00   0.0022072053    0.165554919
GTEX-111CU-2226-SM-5N9G5   0.000000e+00   0.0546829847    0.444049142
GTEX-111FC-0126-SM-5N9DL   3.919730e-02   0.0215329666    0.000000000
GTEX-111FC-0226-SM-5N9B8   0.000000e+00   0.0226072421    0.339155740
GTEX-111FC-0326-SM-5GZZ1   0.000000e+00   0.0117510157    0.284937018
GTEX-111FC-0426-SM-5N9CV   0.000000e+00   0.0570699955    0.386346949
GTEX-111FC-0526-SM-5GZZ8   0.000000e+00   0.0107573253    0.479970056
GTEX-111FC-0626-SM-5N9CU   0.000000e+00   0.0122910661    0.332274411
GTEX-111FC-0826-SM-5GZWO   0.000000e+00   0.0173721378    0.300141824
GTEX-111FC-1026-SM-5GZX1   6.712944e-02   0.0163377658    0.000000000
GTEX-111FC-1126-SM-5GZWU   7.260674e-02   0.0390733420    0.108895458
GTEX-111FC-1326-SM-5N9D9   1.643255e-02   0.0000570759    0.015735773
GTEX-111FC-1926-SM-5GZYC   0.000000e+00   0.0000000000    0.122432597
GTEX-111FC-2026-SM-5GZYO   0.000000e+00   0.0112758438    0.099440437
GTEX-111FC-2526-SM-5GZXU   0.000000e+00   0.0009449322    0.226964585
GTEX-111FC-2926-SM-5GZY7   1.500179e-02   0.0273696798    0.154490435
GTEX-111FC-3126-SM-5GZZ2   0.000000e+00   0.0000000000    0.196156266
GTEX-111FC-3326-SM-5GZYV   0.000000e+00   0.0011581825    0.240738362
GTEX-111VG-0008-SM-5Q5BG   2.010506e-01   0.0000000000    0.000000000
GTEX-111VG-0326-SM-5GZX7   0.000000e+00   0.0108271461    0.318290414
GTEX-111VG-0526-SM-5N9BW   1.864482e-03   0.0915596854    0.097303891
GTEX-111VG-0726-SM-5GIDC   2.624366e-02   0.0314678111    0.094016207
GTEX-111VG-1626-SM-5EGIO   1.879671e-02   0.0156724173    0.091530029
GTEX-111VG-1926-SM-5GIDO   0.000000e+00   0.0000000000    0.036699478
GTEX-111VG-2226-SM-5N9DU   0.000000e+00   0.0079384323    0.473563015
GTEX-111VG-2326-SM-5N9BK   5.006100e-01   0.0460655962    0.265352399
GTEX-111VG-2426-SM-5GZXD   2.073428e-01   0.0251412479    0.031909161
GTEX-111VG-2526-SM-5GZXP   0.000000e+00   0.0116839246    0.372758893
GTEX-111VG-2626-SM-5GZY2   0.000000e+00   0.0000000000    0.221460020
GTEX-111YS-0006-SM-5NQBE   1.429600e-02   0.0000000000    0.022193193
GTEX-111YS-0008-SM-5Q5BH   2.313852e-01   0.0000000000    0.000000000
GTEX-111YS-0126-SM-5987T   0.000000e+00   0.0000000000    0.424970343
GTEX-111YS-0326-SM-5GZZ3   0.000000e+00   0.0020138737    0.372353954
GTEX-111YS-0426-SM-5987O   0.000000e+00   0.0015457234    0.256555817
GTEX-111YS-0526-SM-5GZXJ   0.000000e+00   0.0636483734    0.335402747
GTEX-111YS-0626-SM-5GZXV   7.310262e-02   0.0076148205    0.065305333
GTEX-111YS-0726-SM-5GZY8   0.000000e+00   0.1062511945    0.323689112
GTEX-111YS-0826-SM-5GZYK   0.000000e+00   0.0030427385    0.319049077
GTEX-111YS-0926-SM-5EGGI   1.217749e-02   0.0021170643    0.163839267
GTEX-111YS-1026-SM-5GZYE   0.000000e+00   0.0032484031    0.186299911
GTEX-111YS-1126-SM-5GZYQ   0.000000e+00   0.0000000000    0.056926123
GTEX-111YS-1226-SM-5EGGJ   0.000000e+00   0.0000000000    0.270779786
GTEX-111YS-1326-SM-5EGGK   0.000000e+00   0.0419087469    0.343820392
GTEX-111YS-1426-SM-5GID8   0.000000e+00   0.0000000000    0.214942425
GTEX-111YS-1526-SM-5GZYW   3.595109e-02   0.0111580775    0.000000000
GTEX-111YS-1626-SM-5GZZ9   0.000000e+00   0.0012541586    0.311066059
GTEX-111YS-1726-SM-5GIED   0.000000e+00   0.0079599419    0.228521596
GTEX-111YS-1826-SM-5GIEP   0.000000e+00   0.0016393970    0.362911790
GTEX-111YS-1926-SM-5GICC   0.000000e+00   0.0341617615    0.237642887
GTEX-111YS-2026-SM-5EGGL   0.000000e+00   0.0000000000    0.028678487
GTEX-111YS-2126-SM-5EGGM   0.000000e+00   0.0176010982    0.453411175
GTEX-111YS-2226-SM-5987P   0.000000e+00   0.0187027365    0.193787816
GTEX-111YS-2326-SM-5987L   0.000000e+00   0.0101765154    0.231778982
GTEX-111YS-2426-SM-5GZZQ   1.314857e-04   0.0394526730    0.442524231
GTEX-1122O-0003-SM-5Q5DL   1.193546e-02   0.0000000000    0.006486663
GTEX-1122O-0005-SM-5O99J   3.651995e-02   0.0000000000    0.014045584
GTEX-1122O-0008-SM-5QGR2   2.486160e-01   0.0000000000    0.000000000
GTEX-1122O-0126-SM-5GICA   2.087740e-02   0.0030066320    0.136407044
GTEX-1122O-0226-SM-5N9DA   0.000000e+00   0.0262675577    0.250347428
GTEX-1122O-0326-SM-5H124   0.000000e+00   0.0044641412    0.441379352
GTEX-1122O-0426-SM-5H12G   0.000000e+00   0.0285241141    0.369056123
GTEX-1122O-0526-SM-5N9DM   0.000000e+00   0.0000000000    0.099548832
GTEX-1122O-0626-SM-5N9B9   0.000000e+00   0.0079059378    0.383095541
GTEX-1122O-0726-SM-5GIEV   0.000000e+00   0.0008879588    0.345170242
GTEX-1122O-0826-SM-5GICV   0.000000e+00   0.0016403871    0.283716667
GTEX-1122O-0926-SM-9YFLC   0.000000e+00   0.0331104801    0.459631209
GTEX-1122O-1026-SM-9WYSF   0.000000e+00   0.0016506826    0.111272621
GTEX-1122O-1126-SM-5NQ8X   3.168123e-02   0.0323163493    0.455357597
GTEX-1122O-1226-SM-5H113   0.000000e+00   0.0431531032    0.443496282
GTEX-1122O-1326-SM-5H11F   0.000000e+00   0.0004789931    0.218676404
                         Mast cells resting Mast cells activated Plasma cells
GTEX-1117F-0226-SM-5GZZ7        0.406707044          0.000000000 0.000000e+00
GTEX-1117F-0426-SM-5EGHI        0.017350725          0.000000000 0.000000e+00
GTEX-1117F-0526-SM-5EGHJ        0.018855393          0.000000000 1.344796e-01
GTEX-1117F-0626-SM-5N9CS        0.077988764          0.000000000 3.044160e-02
GTEX-1117F-0726-SM-5GIEN        0.071410196          0.000000000 1.355403e-01
GTEX-1117F-1326-SM-5EGHH        0.000000000          0.004498826 2.542028e-01
GTEX-1117F-2426-SM-5EGGH        0.364389717          0.000000000 2.838589e-03
GTEX-1117F-2526-SM-5GZY6        0.068484857          0.023709879 3.883339e-02
GTEX-1117F-2826-SM-5GZXL        0.109431846          0.000000000 1.838048e-01
GTEX-1117F-2926-SM-5GZYI        0.552555246          0.000000000 0.000000e+00
GTEX-1117F-3026-SM-5GZYU        0.110749337          0.000000000 2.912486e-01
GTEX-1117F-3226-SM-5N9CT        0.311679829          0.000000000 0.000000e+00
GTEX-111CU-0126-SM-5GZWZ        0.087245277          0.000000000 0.000000e+00
GTEX-111CU-0226-SM-5GZXC        0.000000000          0.048976398 5.305040e-04
GTEX-111CU-0326-SM-5GZXO        0.075442839          0.000000000 3.337476e-03
GTEX-111CU-0426-SM-5GZY1        0.000000000          0.000000000 5.713957e-02
GTEX-111CU-0526-SM-5EGHK        0.098101352          0.000000000 2.287482e-02
GTEX-111CU-0626-SM-5EGHL        0.305660990          0.000000000 0.000000e+00
GTEX-111CU-0726-SM-5GZYD        0.240332261          0.000000000 2.173767e-01
GTEX-111CU-0826-SM-5EGIJ        0.332048477          0.000000000 0.000000e+00
GTEX-111CU-0926-SM-5EGIK        0.082686106          0.117343406 2.151776e-01
GTEX-111CU-1026-SM-5EGIL        0.000000000          0.095938821 2.238831e-03
GTEX-111CU-1126-SM-5EGIM        0.422067176          0.000000000 0.000000e+00
GTEX-111CU-1226-SM-5EGIN        0.296990869          0.000000000 4.441985e-04
GTEX-111CU-1326-SM-5NQ8L        0.170567597          0.037031295 0.000000e+00
GTEX-111CU-1426-SM-5GZYP        0.096231775          0.093082492 1.802285e-01
GTEX-111CU-1526-SM-5N9FS        0.173116102          0.014570720 1.307841e-02
GTEX-111CU-1726-SM-5EGHM        0.000000000          0.130425404 2.950612e-03
GTEX-111CU-1826-SM-5GZYN        0.196957801          0.000000000 0.000000e+00
GTEX-111CU-2026-SM-5GZZC        0.185091976          0.000000000 0.000000e+00
GTEX-111CU-2226-SM-5N9G5        0.138234932          0.000000000 0.000000e+00
GTEX-111FC-0126-SM-5N9DL        0.262530872          0.000000000 0.000000e+00
GTEX-111FC-0226-SM-5N9B8        0.363794981          0.000000000 0.000000e+00
GTEX-111FC-0326-SM-5GZZ1        0.128334711          0.000000000 8.552315e-02
GTEX-111FC-0426-SM-5N9CV        0.147187363          0.000000000 0.000000e+00
GTEX-111FC-0526-SM-5GZZ8        0.095554076          0.000000000 0.000000e+00
GTEX-111FC-0626-SM-5N9CU        0.122694561          0.000000000 0.000000e+00
GTEX-111FC-0826-SM-5GZWO        0.229806117          0.000000000 1.117477e-02
GTEX-111FC-1026-SM-5GZX1        0.187600580          0.000000000 0.000000e+00
GTEX-111FC-1126-SM-5GZWU        0.000000000          0.085834172 1.421122e-03
GTEX-111FC-1326-SM-5N9D9        0.004302495          0.000000000 2.437600e-03
GTEX-111FC-1926-SM-5GZYC        0.000000000          0.116112226 1.844380e-02
GTEX-111FC-2026-SM-5GZYO        0.291018627          0.000000000 2.210602e-01
GTEX-111FC-2526-SM-5GZXU        0.617250082          0.000000000 0.000000e+00
GTEX-111FC-2926-SM-5GZY7        0.186091870          0.000000000 3.052787e-01
GTEX-111FC-3126-SM-5GZZ2        0.021868365          0.000000000 0.000000e+00
GTEX-111FC-3326-SM-5GZYV        0.000000000          0.000000000 0.000000e+00
GTEX-111VG-0008-SM-5Q5BG        0.000000000          0.116104068 2.213699e-02
GTEX-111VG-0326-SM-5GZX7        0.148680017          0.000000000 1.786552e-02
GTEX-111VG-0526-SM-5N9BW        0.000000000          0.013148729 1.196501e-02
GTEX-111VG-0726-SM-5GIDC        0.144783119          0.085558364 7.480504e-03
GTEX-111VG-1626-SM-5EGIO        0.300638845          0.000000000 0.000000e+00
GTEX-111VG-1926-SM-5GIDO        0.000000000          0.000000000 0.000000e+00
GTEX-111VG-2226-SM-5N9DU        0.363254449          0.000000000 4.381951e-02
GTEX-111VG-2326-SM-5N9BK        0.053882903          0.000000000 0.000000e+00
GTEX-111VG-2426-SM-5GZXD        0.309046331          0.000000000 0.000000e+00
GTEX-111VG-2526-SM-5GZXP        0.182462886          0.000000000 0.000000e+00
GTEX-111VG-2626-SM-5GZY2        0.162115252          0.000000000 7.289605e-02
GTEX-111YS-0006-SM-5NQBE        0.010190258          0.000000000 0.000000e+00
GTEX-111YS-0008-SM-5Q5BH        0.000000000          0.079915901 1.899515e-03
GTEX-111YS-0126-SM-5987T        0.091310987          0.000000000 0.000000e+00
GTEX-111YS-0326-SM-5GZZ3        0.041144489          0.000000000 0.000000e+00
GTEX-111YS-0426-SM-5987O        0.096862579          0.000000000 1.227648e-05
GTEX-111YS-0526-SM-5GZXJ        0.044743371          0.000000000 3.486453e-03
GTEX-111YS-0626-SM-5GZXV        0.102599567          0.000000000 3.943961e-03
GTEX-111YS-0726-SM-5GZY8        0.033895697          0.000000000 1.332127e-02
GTEX-111YS-0826-SM-5GZYK        0.352914530          0.000000000 1.842445e-04
GTEX-111YS-0926-SM-5EGGI        0.166039176          0.000000000 3.863682e-02
GTEX-111YS-1026-SM-5GZYE        0.258620108          0.000000000 0.000000e+00
GTEX-111YS-1126-SM-5GZYQ        0.128939794          0.004460506 4.205137e-02
GTEX-111YS-1226-SM-5EGGJ        0.128994960          0.001898716 3.136388e-02
GTEX-111YS-1326-SM-5EGGK        0.000000000          0.049601175 0.000000e+00
GTEX-111YS-1426-SM-5GID8        0.060137879          0.000000000 1.750697e-01
GTEX-111YS-1526-SM-5GZYW        0.183249908          0.000000000 0.000000e+00
GTEX-111YS-1626-SM-5GZZ9        0.123173368          0.000000000 0.000000e+00
GTEX-111YS-1726-SM-5GIED        0.095902258          0.002067328 6.569714e-03
GTEX-111YS-1826-SM-5GIEP        0.068189163          0.000000000 0.000000e+00
GTEX-111YS-1926-SM-5GICC        0.181948317          0.000000000 8.951660e-02
GTEX-111YS-2026-SM-5EGGL        0.000000000          0.117967431 0.000000e+00
GTEX-111YS-2126-SM-5EGGM        0.067583905          0.000000000 0.000000e+00
GTEX-111YS-2226-SM-5987P        0.191528390          0.000000000 0.000000e+00
GTEX-111YS-2326-SM-5987L        0.209250391          0.000000000 3.077693e-02
GTEX-111YS-2426-SM-5GZZQ        0.170263660          0.000000000 0.000000e+00
GTEX-1122O-0003-SM-5Q5DL        0.000000000          0.050446421 4.211156e-01
GTEX-1122O-0005-SM-5O99J        0.022717747          0.000000000 8.580465e-03
GTEX-1122O-0008-SM-5QGR2        0.000000000          0.097542185 0.000000e+00
GTEX-1122O-0126-SM-5GICA        0.035963909          0.000000000 1.552702e-02
GTEX-1122O-0226-SM-5N9DA        0.000000000          0.000000000 1.007343e-02
GTEX-1122O-0326-SM-5H124        0.120345152          0.000000000 1.319278e-02
GTEX-1122O-0426-SM-5H12G        0.108338157          0.000000000 2.980446e-02
GTEX-1122O-0526-SM-5N9DM        0.002602795          0.000000000 7.128340e-02
GTEX-1122O-0626-SM-5N9B9        0.163375418          0.000000000 0.000000e+00
GTEX-1122O-0726-SM-5GIEV        0.022115060          0.015742688 8.377848e-03
GTEX-1122O-0826-SM-5GICV        0.136812337          0.000000000 0.000000e+00
GTEX-1122O-0926-SM-9YFLC        0.046129307          0.000000000 3.187587e-02
GTEX-1122O-1026-SM-9WYSF        0.421515559          0.000000000 0.000000e+00
GTEX-1122O-1126-SM-5NQ8X        0.032826186          0.000000000 7.448103e-03
GTEX-1122O-1226-SM-5H113        0.132261720          0.000000000 1.501957e-01
GTEX-1122O-1326-SM-5H11F        0.033819637          0.007904970 9.875090e-02
                         T cells follicular helper T cells regulatory (Tregs)
GTEX-1117F-0226-SM-5GZZ7               0.047924424               0.0000000000
GTEX-1117F-0426-SM-5EGHI               0.074654458               0.0250008225
GTEX-1117F-0526-SM-5EGHJ               0.036006943               0.0000000000
GTEX-1117F-0626-SM-5N9CS               0.000000000               0.0000000000
GTEX-1117F-0726-SM-5GIEN               0.017940967               0.0000000000
GTEX-1117F-1326-SM-5EGHH               0.026779566               0.0000000000
GTEX-1117F-2426-SM-5EGGH               0.050490076               0.0000000000
GTEX-1117F-2526-SM-5GZY6               0.149290992               0.0000000000
GTEX-1117F-2826-SM-5GZXL               0.003115174               0.0000000000
GTEX-1117F-2926-SM-5GZYI               0.045021386               0.0000000000
GTEX-1117F-3026-SM-5GZYU               0.020024929               0.0258854527
GTEX-1117F-3226-SM-5N9CT               0.182651870               0.0689873930
GTEX-111CU-0126-SM-5GZWZ               0.000000000               0.0003731874
GTEX-111CU-0226-SM-5GZXC               0.000000000               0.0023783169
GTEX-111CU-0326-SM-5GZXO               0.000000000               0.0000000000
GTEX-111CU-0426-SM-5GZY1               0.000000000               0.0443093392
GTEX-111CU-0526-SM-5EGHK               0.002481086               0.0292659022
GTEX-111CU-0626-SM-5EGHL               0.003096404               0.0000000000
GTEX-111CU-0726-SM-5GZYD               0.035395675               0.0141884099
GTEX-111CU-0826-SM-5EGIJ               0.012637082               0.0000000000
GTEX-111CU-0926-SM-5EGIK               0.021906817               0.0000000000
GTEX-111CU-1026-SM-5EGIL               0.000000000               0.0028475325
GTEX-111CU-1126-SM-5EGIM               0.061679215               0.0096831005
GTEX-111CU-1226-SM-5EGIN               0.014349139               0.0000000000
GTEX-111CU-1326-SM-5NQ8L               0.005794184               0.0000000000
GTEX-111CU-1426-SM-5GZYP               0.012335524               0.0059704236
GTEX-111CU-1526-SM-5N9FS               0.088946207               0.0601079405
GTEX-111CU-1726-SM-5EGHM               0.050866353               0.0000000000
GTEX-111CU-1826-SM-5GZYN               0.000000000               0.0000000000
GTEX-111CU-2026-SM-5GZZC               0.041142804               0.0418155740
GTEX-111CU-2226-SM-5N9G5               0.017259190               0.0000000000
GTEX-111FC-0126-SM-5N9DL               0.047813018               0.0561060318
GTEX-111FC-0226-SM-5N9B8               0.019640883               0.0235548905
GTEX-111FC-0326-SM-5GZZ1               0.056722438               0.0000000000
GTEX-111FC-0426-SM-5N9CV               0.048168412               0.0019326560
GTEX-111FC-0526-SM-5GZZ8               0.038914613               0.0000000000
GTEX-111FC-0626-SM-5N9CU               0.004885700               0.0049720323
GTEX-111FC-0826-SM-5GZWO               0.097539470               0.0000000000
GTEX-111FC-1026-SM-5GZX1               0.025084273               0.0194160706
GTEX-111FC-1126-SM-5GZWU               0.000000000               0.0000000000
GTEX-111FC-1326-SM-5N9D9               0.004901252               0.0685765884
GTEX-111FC-1926-SM-5GZYC               0.174303430               0.0000000000
GTEX-111FC-2026-SM-5GZYO               0.075756585               0.0000000000
GTEX-111FC-2526-SM-5GZXU               0.050603118               0.0000000000
GTEX-111FC-2926-SM-5GZY7               0.033240801               0.0064600826
GTEX-111FC-3126-SM-5GZZ2               0.131881332               0.0000000000
GTEX-111FC-3326-SM-5GZYV               0.119490406               0.0000000000
GTEX-111VG-0008-SM-5Q5BG               0.000000000               0.0000000000
GTEX-111VG-0326-SM-5GZX7               0.061808828               0.0000000000
GTEX-111VG-0526-SM-5N9BW               0.094807873               0.0153686458
GTEX-111VG-0726-SM-5GIDC               0.000000000               0.0000000000
GTEX-111VG-1626-SM-5EGIO               0.024334869               0.0273396808
GTEX-111VG-1926-SM-5GIDO               0.165370193               0.0000000000
GTEX-111VG-2226-SM-5N9DU               0.000000000               0.0000000000
GTEX-111VG-2326-SM-5N9BK               0.031120135               0.0211458439
GTEX-111VG-2426-SM-5GZXD               0.049463721               0.0591460953
GTEX-111VG-2526-SM-5GZXP               0.042498266               0.0000000000
GTEX-111VG-2626-SM-5GZY2               0.099017829               0.0023671578
GTEX-111YS-0006-SM-5NQBE               0.000000000               0.0005152573
GTEX-111YS-0008-SM-5Q5BH               0.000000000               0.0000000000
GTEX-111YS-0126-SM-5987T               0.000000000               0.0000000000
GTEX-111YS-0326-SM-5GZZ3               0.066773135               0.0000000000
GTEX-111YS-0426-SM-5987O               0.120130021               0.0000000000
GTEX-111YS-0526-SM-5GZXJ               0.032017729               0.0000000000
GTEX-111YS-0626-SM-5GZXV               0.000000000               0.0000000000
GTEX-111YS-0726-SM-5GZY8               0.016874469               0.0000000000
GTEX-111YS-0826-SM-5GZYK               0.020587737               0.0000000000
GTEX-111YS-0926-SM-5EGGI               0.052087839               0.0130745257
GTEX-111YS-1026-SM-5GZYE               0.066839844               0.0000000000
GTEX-111YS-1126-SM-5GZYQ               0.027155469               0.0000000000
GTEX-111YS-1226-SM-5EGGJ               0.041697003               0.0000000000
GTEX-111YS-1326-SM-5EGGK               0.000000000               0.0052074617
GTEX-111YS-1426-SM-5GID8               0.031673863               0.0000000000
GTEX-111YS-1526-SM-5GZYW               0.061720766               0.0047369513
GTEX-111YS-1626-SM-5GZZ9               0.005260246               0.0000000000
GTEX-111YS-1726-SM-5GIED               0.013308281               0.0104954429
GTEX-111YS-1826-SM-5GIEP               0.000000000               0.0000000000
GTEX-111YS-1926-SM-5GICC               0.065610734               0.0000000000
GTEX-111YS-2026-SM-5EGGL               0.019822217               0.0000000000
GTEX-111YS-2126-SM-5EGGM               0.067565796               0.0000000000
GTEX-111YS-2226-SM-5987P               0.022987152               0.0000000000
GTEX-111YS-2326-SM-5987L               0.086385003               0.0000000000
GTEX-111YS-2426-SM-5GZZQ               0.003888299               0.0000000000
GTEX-1122O-0003-SM-5Q5DL               0.026195767               0.0062659198
GTEX-1122O-0005-SM-5O99J               0.002015037               0.0000000000
GTEX-1122O-0008-SM-5QGR2               0.000000000               0.0000000000
GTEX-1122O-0126-SM-5GICA               0.000000000               0.0000000000
GTEX-1122O-0226-SM-5N9DA               0.041765656               0.0000000000
GTEX-1122O-0326-SM-5H124               0.000000000               0.0000000000
GTEX-1122O-0426-SM-5H12G               0.001259975               0.0161842816
GTEX-1122O-0526-SM-5N9DM               0.037211447               0.0408080938
GTEX-1122O-0626-SM-5N9B9               0.046133129               0.0005324935
GTEX-1122O-0726-SM-5GIEV               0.035524144               0.0000000000
GTEX-1122O-0826-SM-5GICV               0.012771809               0.0493278547
GTEX-1122O-0926-SM-9YFLC               0.020398121               0.0000000000
GTEX-1122O-1026-SM-9WYSF               0.031928058               0.0000000000
GTEX-1122O-1126-SM-5NQ8X               0.025261205               0.0000000000
GTEX-1122O-1226-SM-5H113               0.005437754               0.0000000000
GTEX-1122O-1326-SM-5H11F               0.025675757               0.0138602384
                         T cells gamma delta Dendritic cells resting
GTEX-1117F-0226-SM-5GZZ7         0.000000000            0.000000e+00
GTEX-1117F-0426-SM-5EGHI         0.000000000            0.000000e+00
GTEX-1117F-0526-SM-5EGHJ         0.000000000            0.000000e+00
GTEX-1117F-0626-SM-5N9CS         0.000000000            0.000000e+00
GTEX-1117F-0726-SM-5GIEN         0.000000000            0.000000e+00
GTEX-1117F-1326-SM-5EGHH         0.000000000            0.000000e+00
GTEX-1117F-2426-SM-5EGGH         0.000000000            0.000000e+00
GTEX-1117F-2526-SM-5GZY6         0.000000000            0.000000e+00
GTEX-1117F-2826-SM-5GZXL         0.000000000            0.000000e+00
GTEX-1117F-2926-SM-5GZYI         0.000000000            4.602735e-02
GTEX-1117F-3026-SM-5GZYU         0.000000000            0.000000e+00
GTEX-1117F-3226-SM-5N9CT         0.000000000            0.000000e+00
GTEX-111CU-0126-SM-5GZWZ         0.000000000            0.000000e+00
GTEX-111CU-0226-SM-5GZXC         0.000000000            0.000000e+00
GTEX-111CU-0326-SM-5GZXO         0.000000000            0.000000e+00
GTEX-111CU-0426-SM-5GZY1         0.000000000            0.000000e+00
GTEX-111CU-0526-SM-5EGHK         0.000000000            0.000000e+00
GTEX-111CU-0626-SM-5EGHL         0.000000000            0.000000e+00
GTEX-111CU-0726-SM-5GZYD         0.000000000            0.000000e+00
GTEX-111CU-0826-SM-5EGIJ         0.000000000            0.000000e+00
GTEX-111CU-0926-SM-5EGIK         0.000000000            0.000000e+00
GTEX-111CU-1026-SM-5EGIL         0.000000000            0.000000e+00
GTEX-111CU-1126-SM-5EGIM         0.000000000            2.046178e-01
GTEX-111CU-1226-SM-5EGIN         0.000000000            0.000000e+00
GTEX-111CU-1326-SM-5NQ8L         0.000000000            0.000000e+00
GTEX-111CU-1426-SM-5GZYP         0.000000000            0.000000e+00
GTEX-111CU-1526-SM-5N9FS         0.000000000            0.000000e+00
GTEX-111CU-1726-SM-5EGHM         0.000000000            0.000000e+00
GTEX-111CU-1826-SM-5GZYN         0.000000000            0.000000e+00
GTEX-111CU-2026-SM-5GZZC         0.000000000            0.000000e+00
GTEX-111CU-2226-SM-5N9G5         0.000000000            0.000000e+00
GTEX-111FC-0126-SM-5N9DL         0.000000000            1.653456e-01
GTEX-111FC-0226-SM-5N9B8         0.000000000            5.767470e-03
GTEX-111FC-0326-SM-5GZZ1         0.000000000            0.000000e+00
GTEX-111FC-0426-SM-5N9CV         0.000000000            2.091713e-02
GTEX-111FC-0526-SM-5GZZ8         0.000000000            1.219978e-03
GTEX-111FC-0626-SM-5N9CU         0.000000000            7.716782e-05
GTEX-111FC-0826-SM-5GZWO         0.000000000            0.000000e+00
GTEX-111FC-1026-SM-5GZX1         0.000000000            0.000000e+00
GTEX-111FC-1126-SM-5GZWU         0.000000000            0.000000e+00
GTEX-111FC-1326-SM-5N9D9         0.000000000            0.000000e+00
GTEX-111FC-1926-SM-5GZYC         0.000000000            0.000000e+00
GTEX-111FC-2026-SM-5GZYO         0.000000000            0.000000e+00
GTEX-111FC-2526-SM-5GZXU         0.000000000            0.000000e+00
GTEX-111FC-2926-SM-5GZY7         0.000000000            5.450488e-03
GTEX-111FC-3126-SM-5GZZ2         0.000000000            0.000000e+00
GTEX-111FC-3326-SM-5GZYV         0.000000000            0.000000e+00
GTEX-111VG-0008-SM-5Q5BG         0.000000000            0.000000e+00
GTEX-111VG-0326-SM-5GZX7         0.000000000            0.000000e+00
GTEX-111VG-0526-SM-5N9BW         0.000000000            0.000000e+00
GTEX-111VG-0726-SM-5GIDC         0.000000000            0.000000e+00
GTEX-111VG-1626-SM-5EGIO         0.000000000            1.897722e-01
GTEX-111VG-1926-SM-5GIDO         0.000000000            0.000000e+00
GTEX-111VG-2226-SM-5N9DU         0.000000000            0.000000e+00
GTEX-111VG-2326-SM-5N9BK         0.018907035            3.151084e-03
GTEX-111VG-2426-SM-5GZXD         0.000000000            1.973743e-02
GTEX-111VG-2526-SM-5GZXP         0.000000000            0.000000e+00
GTEX-111VG-2626-SM-5GZY2         0.000000000            0.000000e+00
GTEX-111YS-0006-SM-5NQBE         0.000000000            0.000000e+00
GTEX-111YS-0008-SM-5Q5BH         0.000000000            0.000000e+00
GTEX-111YS-0126-SM-5987T         0.000000000            0.000000e+00
GTEX-111YS-0326-SM-5GZZ3         0.000000000            0.000000e+00
GTEX-111YS-0426-SM-5987O         0.000000000            0.000000e+00
GTEX-111YS-0526-SM-5GZXJ         0.000000000            0.000000e+00
GTEX-111YS-0626-SM-5GZXV         0.000000000            0.000000e+00
GTEX-111YS-0726-SM-5GZY8         0.000000000            0.000000e+00
GTEX-111YS-0826-SM-5GZYK         0.000000000            0.000000e+00
GTEX-111YS-0926-SM-5EGGI         0.000000000            2.573519e-02
GTEX-111YS-1026-SM-5GZYE         0.000000000            0.000000e+00
GTEX-111YS-1126-SM-5GZYQ         0.000000000            0.000000e+00
GTEX-111YS-1226-SM-5EGGJ         0.000000000            0.000000e+00
GTEX-111YS-1326-SM-5EGGK         0.000000000            0.000000e+00
GTEX-111YS-1426-SM-5GID8         0.000000000            0.000000e+00
GTEX-111YS-1526-SM-5GZYW         0.000000000            3.701797e-01
GTEX-111YS-1626-SM-5GZZ9         0.000000000            0.000000e+00
GTEX-111YS-1726-SM-5GIED         0.000000000            1.107188e-04
GTEX-111YS-1826-SM-5GIEP         0.000000000            0.000000e+00
GTEX-111YS-1926-SM-5GICC         0.000000000            0.000000e+00
GTEX-111YS-2026-SM-5EGGL         0.000000000            0.000000e+00
GTEX-111YS-2126-SM-5EGGM         0.000000000            0.000000e+00
GTEX-111YS-2226-SM-5987P         0.000000000            1.703510e-03
GTEX-111YS-2326-SM-5987L         0.000000000            0.000000e+00
GTEX-111YS-2426-SM-5GZZQ         0.000000000            0.000000e+00
GTEX-1122O-0003-SM-5Q5DL         0.000000000            0.000000e+00
GTEX-1122O-0005-SM-5O99J         0.007701661            0.000000e+00
GTEX-1122O-0008-SM-5QGR2         0.000000000            0.000000e+00
GTEX-1122O-0126-SM-5GICA         0.000000000            0.000000e+00
GTEX-1122O-0226-SM-5N9DA         0.000000000            0.000000e+00
GTEX-1122O-0326-SM-5H124         0.000000000            0.000000e+00
GTEX-1122O-0426-SM-5H12G         0.000000000            0.000000e+00
GTEX-1122O-0526-SM-5N9DM         0.000000000            0.000000e+00
GTEX-1122O-0626-SM-5N9B9         0.000000000            0.000000e+00
GTEX-1122O-0726-SM-5GIEV         0.000000000            0.000000e+00
GTEX-1122O-0826-SM-5GICV         0.000000000            2.760231e-03
GTEX-1122O-0926-SM-9YFLC         0.000000000            0.000000e+00
GTEX-1122O-1026-SM-9WYSF         0.000000000            1.624197e-01
GTEX-1122O-1126-SM-5NQ8X         0.000000000            0.000000e+00
GTEX-1122O-1226-SM-5H113         0.000000000            0.000000e+00
GTEX-1122O-1326-SM-5H11F         0.000000000            0.000000e+00
                         Dendritic cells activated Eosinophils P-value
GTEX-1117F-0226-SM-5GZZ7              0.0000000000 0.000000000    9999
GTEX-1117F-0426-SM-5EGHI              0.0000000000 0.000000000    9999
GTEX-1117F-0526-SM-5EGHJ              0.0000000000 0.000000000    9999
GTEX-1117F-0626-SM-5N9CS              0.0000000000 0.000000000    9999
GTEX-1117F-0726-SM-5GIEN              0.0000000000 0.000000000    9999
GTEX-1117F-1326-SM-5EGHH              0.0003572892 0.008896394    9999
GTEX-1117F-2426-SM-5EGGH              0.0000000000 0.000000000    9999
GTEX-1117F-2526-SM-5GZY6              0.0201394078 0.000000000    9999
GTEX-1117F-2826-SM-5GZXL              0.0000000000 0.000000000    9999
GTEX-1117F-2926-SM-5GZYI              0.0006307375 0.000000000    9999
GTEX-1117F-3026-SM-5GZYU              0.0000000000 0.000000000    9999
GTEX-1117F-3226-SM-5N9CT              0.0000000000 0.000000000    9999
GTEX-111CU-0126-SM-5GZWZ              0.0000000000 0.000000000    9999
GTEX-111CU-0226-SM-5GZXC              0.0000000000 0.000000000    9999
GTEX-111CU-0326-SM-5GZXO              0.0328898017 0.000000000    9999
GTEX-111CU-0426-SM-5GZY1              0.0007731755 0.000000000    9999
GTEX-111CU-0526-SM-5EGHK              0.0000000000 0.000000000    9999
GTEX-111CU-0626-SM-5EGHL              0.0018442015 0.000000000    9999
GTEX-111CU-0726-SM-5GZYD              0.0248752708 0.000000000    9999
GTEX-111CU-0826-SM-5EGIJ              0.0000000000 0.000000000    9999
GTEX-111CU-0926-SM-5EGIK              0.0000000000 0.000000000    9999
GTEX-111CU-1026-SM-5EGIL              0.0000000000 0.074061706    9999
GTEX-111CU-1126-SM-5EGIM              0.0089038468 0.000000000    9999
GTEX-111CU-1226-SM-5EGIN              0.0000000000 0.000000000    9999
GTEX-111CU-1326-SM-5NQ8L              0.0000000000 0.000000000    9999
GTEX-111CU-1426-SM-5GZYP              0.0000000000 0.000000000    9999
GTEX-111CU-1526-SM-5N9FS              0.0000000000 0.000000000    9999
GTEX-111CU-1726-SM-5EGHM              0.0000000000 0.000000000    9999
GTEX-111CU-1826-SM-5GZYN              0.0000000000 0.000000000    9999
GTEX-111CU-2026-SM-5GZZC              0.0000000000 0.000000000    9999
GTEX-111CU-2226-SM-5N9G5              0.0000000000 0.000000000    9999
GTEX-111FC-0126-SM-5N9DL              0.0000000000 0.000000000    9999
GTEX-111FC-0226-SM-5N9B8              0.0000000000 0.000000000    9999
GTEX-111FC-0326-SM-5GZZ1              0.0000000000 0.000000000    9999
GTEX-111FC-0426-SM-5N9CV              0.0000000000 0.000000000    9999
GTEX-111FC-0526-SM-5GZZ8              0.0000000000 0.000000000    9999
GTEX-111FC-0626-SM-5N9CU              0.0000000000 0.000000000    9999
GTEX-111FC-0826-SM-5GZWO              0.0000000000 0.000000000    9999
GTEX-111FC-1026-SM-5GZX1              0.0000000000 0.000000000    9999
GTEX-111FC-1126-SM-5GZWU              0.0000000000 0.009618368    9999
GTEX-111FC-1326-SM-5N9D9              0.0000000000 0.000000000    9999
GTEX-111FC-1926-SM-5GZYC              0.0059314164 0.000000000    9999
GTEX-111FC-2026-SM-5GZYO              0.0003074393 0.000000000    9999
GTEX-111FC-2526-SM-5GZXU              0.0000000000 0.000000000    9999
GTEX-111FC-2926-SM-5GZY7              0.0000000000 0.000000000    9999
GTEX-111FC-3126-SM-5GZZ2              0.0000000000 0.002923441    9999
GTEX-111FC-3326-SM-5GZYV              0.0000000000 0.000000000    9999
GTEX-111VG-0008-SM-5Q5BG              0.1585383266 0.000000000    9999
GTEX-111VG-0326-SM-5GZX7              0.0000000000 0.000000000    9999
GTEX-111VG-0526-SM-5N9BW              0.0000000000 0.000000000    9999
GTEX-111VG-0726-SM-5GIDC              0.0000000000 0.000000000    9999
GTEX-111VG-1626-SM-5EGIO              0.0000000000 0.000000000    9999
GTEX-111VG-1926-SM-5GIDO              0.0000000000 0.000000000    9999
GTEX-111VG-2226-SM-5N9DU              0.0000000000 0.000000000    9999
GTEX-111VG-2326-SM-5N9BK              0.0000000000 0.000000000    9999
GTEX-111VG-2426-SM-5GZXD              0.0000000000 0.000000000    9999
GTEX-111VG-2526-SM-5GZXP              0.0000000000 0.000000000    9999
GTEX-111VG-2626-SM-5GZY2              0.0469355935 0.014006832    9999
GTEX-111YS-0006-SM-5NQBE              0.0000000000 0.000000000    9999
GTEX-111YS-0008-SM-5Q5BH              0.1085087166 0.000000000    9999
GTEX-111YS-0126-SM-5987T              0.0000000000 0.000000000    9999
GTEX-111YS-0326-SM-5GZZ3              0.0000000000 0.022183880    9999
GTEX-111YS-0426-SM-5987O              0.0000000000 0.000000000    9999
GTEX-111YS-0526-SM-5GZXJ              0.0000000000 0.026525988    9999
GTEX-111YS-0626-SM-5GZXV              0.0203110677 0.005286717    9999
GTEX-111YS-0726-SM-5GZY8              0.0000000000 0.000000000    9999
GTEX-111YS-0826-SM-5GZYK              0.0000000000 0.000000000    9999
GTEX-111YS-0926-SM-5EGGI              0.0778355948 0.026819022    9999
GTEX-111YS-1026-SM-5GZYE              0.0002682254 0.000000000    9999
GTEX-111YS-1126-SM-5GZYQ              0.0017646880 0.000000000    9999
GTEX-111YS-1226-SM-5EGGJ              0.0067647529 0.000000000    9999
GTEX-111YS-1326-SM-5EGGK              0.0045057277 0.003584375    9999
GTEX-111YS-1426-SM-5GID8              0.0006306298 0.000000000    9999
GTEX-111YS-1526-SM-5GZYW              0.0000000000 0.000000000    9999
GTEX-111YS-1626-SM-5GZZ9              0.0000000000 0.000000000    9999
GTEX-111YS-1726-SM-5GIED              0.0000000000 0.000000000    9999
GTEX-111YS-1826-SM-5GIEP              0.0000000000 0.000000000    9999
GTEX-111YS-1926-SM-5GICC              0.0000000000 0.000000000    9999
GTEX-111YS-2026-SM-5EGGL              0.0000000000 0.000000000    9999
GTEX-111YS-2126-SM-5EGGM              0.0000000000 0.000000000    9999
GTEX-111YS-2226-SM-5987P              0.0000000000 0.000000000    9999
GTEX-111YS-2326-SM-5987L              0.0171477555 0.000000000    9999
GTEX-111YS-2426-SM-5GZZQ              0.0000000000 0.000000000    9999
GTEX-1122O-0003-SM-5Q5DL              0.1509732222 0.000000000    9999
GTEX-1122O-0005-SM-5O99J              0.0073377027 0.000000000    9999
GTEX-1122O-0008-SM-5QGR2              0.1245687687 0.000000000    9999
GTEX-1122O-0126-SM-5GICA              0.0000000000 0.000000000    9999
GTEX-1122O-0226-SM-5N9DA              0.0000000000 0.000000000    9999
GTEX-1122O-0326-SM-5H124              0.0000000000 0.000000000    9999
GTEX-1122O-0426-SM-5H12G              0.0000000000 0.000000000    9999
GTEX-1122O-0526-SM-5N9DM              0.0050010692 0.000000000    9999
GTEX-1122O-0626-SM-5N9B9              0.0000000000 0.000000000    9999
GTEX-1122O-0726-SM-5GIEV              0.0267689604 0.000000000    9999
GTEX-1122O-0826-SM-5GICV              0.0000000000 0.000000000    9999
GTEX-1122O-0926-SM-9YFLC              0.0000000000 0.000000000    9999
GTEX-1122O-1026-SM-9WYSF              0.0000000000 0.000000000    9999
GTEX-1122O-1126-SM-5NQ8X              0.0000000000 0.000000000    9999
GTEX-1122O-1226-SM-5H113              0.0000000000 0.000000000    9999
GTEX-1122O-1326-SM-5H11F              0.0000000000 0.000000000    9999
                          Correlation      RMSE
GTEX-1117F-0226-SM-5GZZ7  0.260672076 0.9885039
GTEX-1117F-0426-SM-5EGHI -0.012388730 1.1061717
GTEX-1117F-0526-SM-5EGHJ  0.440527789 0.8983077
GTEX-1117F-0626-SM-5N9CS  0.169239983 1.0185156
GTEX-1117F-0726-SM-5GIEN  0.364274902 0.9353756
GTEX-1117F-1326-SM-5EGHH  0.436819457 0.9055875
GTEX-1117F-2426-SM-5EGGH  0.157034652 1.0299331
GTEX-1117F-2526-SM-5GZY6  0.058899252 1.0870986
GTEX-1117F-2826-SM-5GZXL  0.362318776 0.9337185
GTEX-1117F-2926-SM-5GZYI  0.077140520 1.1112861
GTEX-1117F-3026-SM-5GZYU  0.451056451 0.8941629
GTEX-1117F-3226-SM-5N9CT -0.012550379 1.1089616
GTEX-111CU-0126-SM-5GZWZ  0.127014210 1.0394840
GTEX-111CU-0226-SM-5GZXC  0.047892676 1.0682546
GTEX-111CU-0326-SM-5GZXO  0.376341075 0.9298634
GTEX-111CU-0426-SM-5GZY1  0.502533989 0.8638053
GTEX-111CU-0526-SM-5EGHK  0.074380797 1.0497556
GTEX-111CU-0626-SM-5EGHL  0.172075002 1.0179613
GTEX-111CU-0726-SM-5GZYD  0.385620003 0.9249730
GTEX-111CU-0826-SM-5EGIJ  0.213494495 1.0045207
GTEX-111CU-0926-SM-5EGIK  0.457232256 0.8924766
GTEX-111CU-1026-SM-5EGIL  0.119729037 1.0550561
GTEX-111CU-1126-SM-5EGIM  0.073457999 1.0798521
GTEX-111CU-1226-SM-5EGIN  0.175052314 1.0200345
GTEX-111CU-1326-SM-5NQ8L  0.195333962 1.0065155
GTEX-111CU-1426-SM-5GZYP  0.300801633 0.9643402
GTEX-111CU-1526-SM-5N9FS  0.080280764 1.0532356
GTEX-111CU-1726-SM-5EGHM -0.012545068 1.1229697
GTEX-111CU-1826-SM-5GZYN  0.285321386 0.9755123
GTEX-111CU-2026-SM-5GZZC -0.027097820 1.0970977
GTEX-111CU-2226-SM-5N9G5  0.112915115 1.0430559
GTEX-111FC-0126-SM-5N9DL  0.028136926 1.0807790
GTEX-111FC-0226-SM-5N9B8  0.248421522 0.9922839
GTEX-111FC-0326-SM-5GZZ1 -0.038342393 1.1016430
GTEX-111FC-0426-SM-5N9CV  0.083704616 1.0498147
GTEX-111FC-0526-SM-5GZZ8  0.098890584 1.0524145
GTEX-111FC-0626-SM-5N9CU  0.105336149 1.0438667
GTEX-111FC-0826-SM-5GZWO  0.014646031 1.0814784
GTEX-111FC-1026-SM-5GZX1  0.022010782 1.1044931
GTEX-111FC-1126-SM-5GZWU  0.061289786 1.0871094
GTEX-111FC-1326-SM-5N9D9  0.512138519 0.8608425
GTEX-111FC-1926-SM-5GZYC  0.002762547 1.1238646
GTEX-111FC-2026-SM-5GZYO  0.348684134 0.9467921
GTEX-111FC-2526-SM-5GZXU  0.125685771 1.1092244
GTEX-111FC-2926-SM-5GZY7  0.387299947 0.9325529
GTEX-111FC-3126-SM-5GZZ2 -0.042568594 1.1063141
GTEX-111FC-3326-SM-5GZYV  0.017098785 1.0970498
GTEX-111VG-0008-SM-5Q5BG  0.038948548 1.0818716
GTEX-111VG-0326-SM-5GZX7  0.064251219 1.0587324
GTEX-111VG-0526-SM-5N9BW  0.222526054 1.0113749
GTEX-111VG-0726-SM-5GIDC  0.081789042 1.0642547
GTEX-111VG-1626-SM-5EGIO  0.015785268 1.0799087
GTEX-111VG-1926-SM-5GIDO -0.034213651 1.1513430
GTEX-111VG-2226-SM-5N9DU  0.087203035 1.0783948
GTEX-111VG-2326-SM-5N9BK  0.516915321 0.8611551
GTEX-111VG-2426-SM-5GZXD  0.091360684 1.0612745
GTEX-111VG-2526-SM-5GZXP  0.090708850 1.0453472
GTEX-111VG-2626-SM-5GZY2 -0.005836399 1.0768388
GTEX-111YS-0006-SM-5NQBE  0.608364427 0.8559746
GTEX-111YS-0008-SM-5Q5BH  0.015758420 1.1044211
GTEX-111YS-0126-SM-5987T  0.077685004 1.0565217
GTEX-111YS-0326-SM-5GZZ3  0.072225283 1.0618020
GTEX-111YS-0426-SM-5987O  0.006214970 1.0773095
GTEX-111YS-0526-SM-5GZXJ  0.066066683 1.0555850
GTEX-111YS-0626-SM-5GZXV  0.272516466 0.9802554
GTEX-111YS-0726-SM-5GZY8  0.052286775 1.0691936
GTEX-111YS-0826-SM-5GZYK  0.226680832 1.0008140
GTEX-111YS-0926-SM-5EGGI  0.104213265 1.0300139
GTEX-111YS-1026-SM-5GZYE  0.075918662 1.0550665
GTEX-111YS-1126-SM-5GZYQ  0.211990500 1.0157340
GTEX-111YS-1226-SM-5EGGJ  0.113286350 1.0363952
GTEX-111YS-1326-SM-5EGGK  0.155379308 1.0220417
GTEX-111YS-1426-SM-5GID8  0.274834410 0.9797507
GTEX-111YS-1526-SM-5GZYW  0.058407141 1.0624124
GTEX-111YS-1626-SM-5GZZ9  0.076308360 1.0569106
GTEX-111YS-1726-SM-5GIED  0.134251421 1.0346858
GTEX-111YS-1826-SM-5GIEP  0.052385472 1.0662635
GTEX-111YS-1926-SM-5GICC  0.242185662 0.9883141
GTEX-111YS-2026-SM-5EGGL -0.025134455 1.1331195
GTEX-111YS-2126-SM-5EGGM  0.052254192 1.0665241
GTEX-111YS-2226-SM-5987P  0.051305966 1.0627945
GTEX-111YS-2326-SM-5987L -0.030185112 1.0837379
GTEX-111YS-2426-SM-5GZZQ  0.151080672 1.0258033
GTEX-1122O-0003-SM-5Q5DL  0.703885109 0.7162375
GTEX-1122O-0005-SM-5O99J  0.573588023 0.9109991
GTEX-1122O-0008-SM-5QGR2  0.063906537 1.0806626
GTEX-1122O-0126-SM-5GICA  0.227661031 0.9983638
GTEX-1122O-0226-SM-5N9DA  0.020028124 1.1092769
GTEX-1122O-0326-SM-5H124  0.085365854 1.0537818
GTEX-1122O-0426-SM-5H12G  0.116487568 1.0361170
GTEX-1122O-0526-SM-5N9DM  0.459914797 0.8879893
GTEX-1122O-0626-SM-5N9B9  0.135077158 1.0301719
GTEX-1122O-0726-SM-5GIEV -0.020004591 1.0915899
GTEX-1122O-0826-SM-5GICV  0.057347668 1.0563782
GTEX-1122O-0926-SM-9YFLC  0.148449828 1.0332212
GTEX-1122O-1026-SM-9WYSF  0.033018090 1.0917130
GTEX-1122O-1126-SM-5NQ8X  0.144321467 1.0336825
GTEX-1122O-1226-SM-5H113  0.320722564 0.9560446
GTEX-1122O-1326-SM-5H11F  0.196891769 1.0208241
Tool: Cibersort Rscript WrapperCibersort.R /u/home/b/bnadel/TimingSpace/Inputs/Mixes/GTEX100Samples.tsv /u/home/b/bnadel/TimingSpace/Inputs/RefMats/LM22.tsv ~/TimingSpace/Predictions/Cibersort_GTEX100Samples.tsvLM22.tsv
Wed Mar 11 20:13:11 PDT 2020
Wed Mar 11 20:13:11 PDT 2020
svd calculated PCA
Importance of component(s):
                 PC1     PC2     PC3     PC4     PC5     PC6     PC7     PC8
R2            0.7198 0.08133 0.05777 0.01909 0.01678 0.01209 0.01145 0.01113
Cumulative R2 0.7198 0.80109 0.85886 0.87795 0.89473 0.90682 0.91827 0.92940
                  PC9    PC10    PC11    PC12    PC13    PC14   PC15    PC16
R2            0.00906 0.00698 0.00651 0.00609 0.00518 0.00461 0.0038 0.00314
Cumulative R2 0.93846 0.94544 0.95195 0.95804 0.96322 0.96783 0.9716 0.97477
                 PC17    PC18    PC19    PC20   PC21   PC22
R2            0.00272 0.00263 0.00184 0.00148 0.0014 0.0013
Cumulative R2 0.97749 0.98012 0.98196 0.98344 0.9848 0.9861

 Attention: the number of pure cell types = 22  defined in the signature matrix;

 PCA results indicate that the number of cell types in the mixtures = 1 
Tool: Decon Rscript DeconRNASeq.R /u/home/b/bnadel/TimingSpace/Inputs/Mixes/GTEX100Samples.tsv /u/home/b/bnadel/TimingSpace/Inputs/RefMats/LM22.tsv ~/TimingSpace/Predictions/Decon_GTEX100Samples.tsvLM22.tsv
Wed Mar 11 20:13:24 PDT 2020
Wed Mar 11 20:13:24 PDT 2020
Rscript GLM_Decon.R /u/home/b/bnadel/TimingSpace/Tools/GEDITv1.6/scratch/GTEX100Samples.tsv_LM22.tsv_50_Entropy_0.0_ScaledMix.tsv /u/home/b/bnadel/TimingSpace/Tools/GEDITv1.6/scratch/GTEX100Samples.tsv_LM22.tsv_50_Entropy_0.0_ScaledRef.tsv /u/home/b/bnadel/TimingSpace/Predictions/GEDIT_GTEX100Samples.tsvLM22.tsv
.Primitive("return")
Tool: GEDIT ./WrapperGEDIT.sh /u/home/b/bnadel/TimingSpace/Inputs/Mixes/GTEX100Samples.tsv /u/home/b/bnadel/TimingSpace/Inputs/RefMats/LM22.tsv ~/TimingSpace/Predictions/GEDIT_GTEX100Samples.tsvLM22.tsv
Wed Mar 11 20:14:13 PDT 2020
Wed Mar 11 20:14:13 PDT 2020
[1] "/u/home/b/bnadel/TimingSpace/Predictions/dtangle_GTEX100Samples.tsvLM22.tsv"
Tool: dtangle Rscript RunDtangle.R /u/home/b/bnadel/TimingSpace/Inputs/Mixes/GTEX100Samples.tsv /u/home/b/bnadel/TimingSpace/Inputs/RefMats/LM22.tsv ~/TimingSpace/Predictions/dtangle_GTEX100Samples.tsvLM22.tsv
Wed Mar 11 20:14:18 PDT 2020
