Cell Type	B cells naive	B cells memory	Plasma cells	T cells CD8	T cells CD4 naive	T cells CD4 memory resting	T cells CD4 memory activated	T cells follicular helper	T cells regulatory (Tregs)	T cells gamma delta	NK cells resting	NK cells activated	Monocytes	Macrophages M0	Macrophages M1	Macrophages M2	Dendritic cells resting	Dendritic cells activated	Mast cells resting	Mast cells activated	Eosinophils	Neutrophils
A	0.085745	0.037789	0.010662	0.104428	0.056147	0.05927	0.014409	0.046068	0.027185	0.040627	0.094019	0.06557	0.213248	0.0	0.003958	0.049779	0.016404	0.026869	0.0	0.00911	0.017797	0.020914
B	0.076648	0.04737	0.011524	0.10175	0.058159	0.057192	0.019718	0.04215	0.026115	0.053913	0.080273	0.068099	0.2223	0.0	0.000794	0.044115	0.011382	0.031129	0.0	0.010149	0.015118	0.022103
C	0.034953	0.0	0.0	0.083107	0.211079	0.273748	0.062041	0.052684	0.102271	0.048539	0.04067	0.045231	0.00183	0.0	0.0	0.0	0.0	0.015607	0.0	0.0	0.015745	0.012494
D	0.034608	1e-06	0.0	0.095523	0.206379	0.281102	0.056636	0.047687	0.09725	0.024179	0.06262	0.045112	0.011084	0.0	0.0	0.0	0.000578	0.01561	0.0	0.0	0.016869	0.004762
E	0.009951	0.018086	0.0	0.390261	0.064012	0.059486	0.033994	0.034595	0.05396	0.103036	0.071216	0.075966	0.037815	0.0	0.005796	0.002775	0.002038	0.008159	0.0	0.000629	0.015354	0.012873
F	0.007292	0.024654	0.001369	0.0	0.004233	0.031888	0.0	0.025599	0.060125	0.136642	0.476296	0.107419	0.064391	0.0	0.0	0.030102	0.001726	0.0	0.0	0.0	0.015224	0.013039
G	0.050963	0.048542	0.019662	0.008363	0.058444	0.011298	0.035348	0.023486	0.005582	0.0	0.091335	0.0	0.262744	0.0	0.004841	0.078144	0.0	0.019909	0.0	0.029661	0.036256	0.215421
H	0.016874	0.043426	0.003851	0.037153	0.011484	0.0	0.031627	0.030574	0.0	0.0	0.0	0.003959	0.553769	0.000287	0.020647	0.078921	0.012473	0.043389	0.0	0.061387	0.048157	0.002021
I	0.01613	0.048256	0.002973	0.029692	0.015751	0.002298	0.031245	0.027868	0.0	0.0	0.0	0.004805	0.555629	0.003974	0.016407	0.085528	0.007536	0.045609	0.0	0.058759	0.047538	0.0
J	0.033728	0.0	0.0	0.051551	0.225476	0.338486	0.076687	0.06744	0.109234	0.0	0.019989	0.035029	0.0	0.0	0.0	0.0	0.000709	0.015821	0.0	0.0	0.024815	0.001035
K	0.010516	0.011416	0.010038	0.486288	0.066076	0.0655	0.045544	0.036181	0.068679	0.083977	0.012636	0.075528	0.0	0.0	0.004381	0.0	0.0	0.004645	0.001727	0.0	0.016869	0.0
L	0.008817	0.0	0.0	0.0	0.081058	0.405395	0.084942	0.089917	0.10251	0.0	0.110087	0.0	0.0	0.0	0.0	0.0	0.004377	0.009318	0.058026	0.0	0.045553	0.0
