Cell Type	CD14	CD19B	CD4HelperT	CD4MemoryT	CD4NaiveT	CD4RegulatoryT	CD56NK	CD8CytotoxicT	CD8NaiveT
A	0.366833	0.191135	0.108258	0.073496	0.071047	0.000848	0.127522	0.06086	0.0
B	0.366691	0.185578	0.147117	0.051003	0.04451	0.0	0.112873	0.092229	0.0
C	0.058479	0.047543	0.087507	0.359755	0.324679	0.0	0.076909	0.0	0.045128
D	0.051564	0.044233	0.075324	0.283274	0.350282	0.074778	0.071721	0.048823	0.0
E	0.114935	0.062632	0.0	0.215583	0.075229	0.0	0.140199	0.314684	0.076737
F	0.205809	0.067434	0.108095	0.0	0.043506	0.0	0.575156	0.0	0.0
G	0.581895	0.171721	0.137282	0.0	0.0	0.010323	0.059823	0.014946	0.024009
H	0.696603	0.091942	0.017696	0.0	0.109571	0.019158	0.036563	0.028467	0.0
I	0.711233	0.104031	0.027957	0.0	0.023582	0.034399	0.041944	0.056855	0.0
J	0.010193	0.046169	0.358375	0.238161	0.212128	0.055018	0.039674	0.040283	0.0
K	0.03069	0.054357	0.069679	0.190743	0.016426	0.0	0.100486	0.399274	0.138345
L	0.063012	0.036493	0.612242	0.192287	0.0	0.028283	0.063451	0.004231	0.0
