Cell Type	MSC	Bronchial_Epithelial_cells	Fibroblasts	Endothelial_cells	Adipocytes	Keratinocytes	Schwann_cells	Smooth_muscle_cells	CD34+	Platelets	Monocytes_CD14+CD16-	Monocytes_CD16+CD14-	Macrophage	M1(IFNg)	M2(IL-4)	M(IFNa)	Dendritic_cells_(BDCA1+)	Dendritic_cells_(BDCA3+)	Dendritic_cells_(plasmacytoid+)	T_cells_(CD4+)	T_cells_(CD8+)	T_cells_(gamma-delta)	NK_cells	Neutrophils	B_cells
ACD	0.0	0.054757	0.115075	0.038827	0.063294	0.247233	0.007915	0.100189	0.039871	0.0	0.0	0.0	0.0	0.021811	0.0	0.0	0.063501	0.057809	0.011252	0.055063	0.073005	0.0	0.02044	0.019523	0.010436
ACN	0.0	0.041998	0.125754	0.044934	0.08003	0.337598	0.00961	0.083627	0.049502	0.0	0.015525	0.0	0.030249	0.00357	0.003379	0.0	0.011232	0.057567	0.006507	0.008489	0.025158	0.0	0.026906	0.038366	0.0
ALO	0.0	0.076167	0.076145	0.029226	0.062106	0.373073	0.03795	0.071838	0.053768	0.0	0.002607	0.022293	0.0	0.0	0.0	0.0	0.030243	0.033126	0.025489	0.008116	0.043409	0.0	0.016404	0.014707	0.023333
ATD	0.0	0.110959	0.082452	0.077896	0.043949	0.311229	0.036039	0.047298	0.046628	0.0	0.0	0.00835	0.0	0.0	0.0	0.0	0.000998	0.078356	0.011966	0.039543	0.08031	0.0	0.016685	0.007342	0.0
BCC	0.0	0.098585	0.052639	0.049419	0.012049	0.415376	0.034361	0.10536	0.069911	0.0	0.0	0.0	0.0	0.0	0.006554	0.0	0.0	0.030426	0.030994	0.013771	0.036576	0.0	0.04181	0.000681	0.001491
BU	0.015164	0.104808	0.08185	0.064898	0.033479	0.300758	0.027309	0.057908	0.066439	0.0	0.039228	0.002402	0.0	0.0	0.0	0.050084	0.0	0.031115	0.006181	0.006216	0.017516	0.0	0.020324	0.074321	0.0
CHA	0.0	0.077859	0.028707	0.047072	0.058472	0.280608	0.0	0.039487	0.015808	0.010986	0.0	0.013251	0.0	0.099424	0.0	0.039111	0.056638	0.099201	0.007377	0.026683	0.066341	0.0	0.016914	0.016059	0.0
DLE	0.0	0.039001	0.054538	0.028147	0.024743	0.365517	0.004667	0.058118	0.024309	0.0	0.024191	0.0	0.0	0.0	0.0	0.059176	0.042374	0.022679	0.031934	0.064514	0.069812	0.0	0.016786	0.009912	0.059581
ENL	0.009507	0.009593	0.102465	0.070034	0.035425	0.106234	0.000553	0.04844	0.036573	0.027947	0.020949	0.003048	0.0	0.12857	0.013607	0.054257	0.052751	0.075585	0.034105	0.013187	0.084389	0.0	0.016038	0.052726	0.004017
ICD	0.0	0.053017	0.006174	0.015673	0.004989	0.651115	0.025795	0.002931	0.044786	0.0	0.0	0.0	0.0	0.0	0.0	0.0	0.069634	0.055482	0.0	0.015031	0.046665	0.0	0.008708	0.0	0.0
LL	0.0	0.001144	0.090629	0.011807	0.015586	0.078288	0.0	0.03859	0.029984	0.016699	0.0	0.006018	0.13756	0.1222	0.08004	0.008438	0.037589	0.09985	0.050813	0.009631	0.082283	0.0	0.026754	0.014855	0.041242
MEL	0.0	0.03446	0.091427	0.026079	0.043334	0.174657	0.15352	0.07159	0.086028	0.0	0.009217	0.0	0.024026	0.022909	0.064673	0.002364	0.0	0.04162	0.016713	0.047821	0.019508	0.0	0.030898	0.01084	0.028315
MF	0.003121	0.013757	0.05532	0.014888	0.009017	0.049459	0.006851	0.04512	0.041439	0.0	0.0	0.026012	0.0	0.06612	0.037654	0.030594	0.022998	0.073604	0.026403	0.152416	0.041147	0.204579	0.020894	0.0	0.058606
NS	0.0	0.045473	0.10385	0.044095	0.085525	0.413805	0.012209	0.085746	0.037991	0.0	0.0	0.007731	0.0	0.0	0.0	0.0	0.013012	0.056498	0.009603	0.013682	0.050997	0.0	0.014367	0.005414	0.0
PS	0.0	0.075549	0.069191	0.038636	0.029033	0.510934	0.006497	0.048743	0.039193	0.0	0.008116	0.0	0.0	0.003808	0.0	0.004518	0.003628	0.062028	0.009906	0.010125	0.042892	0.0	0.010936	0.024076	0.002192
RR	0.0	0.004655	0.075315	0.029769	0.040627	0.15089	0.000483	0.051739	0.032202	0.013149	0.0	0.004241	0.0	0.218951	0.0	0.016755	0.047275	0.095776	0.030899	0.062739	0.06262	0.000674	0.022283	0.01484	0.024121
SAR	0.0	0.003591	0.079515	0.022869	0.018183	0.137186	0.004103	0.072789	0.049974	0.0	0.007215	0.008984	0.0	0.181309	0.025598	0.021278	0.037037	0.111325	0.032049	0.034773	0.107445	0.001103	0.010489	0.009668	0.023517
SCC	0.0	0.121609	0.027396	0.037912	0.007472	0.571561	0.01437	0.018142	0.034875	0.0	0.0	0.0	0.0	0.012673	0.0	0.0	0.012548	0.036153	0.009434	0.01447	0.030241	0.0	0.021354	0.015733	0.014057
SJS	0.0	0.0	0.0	0.0	0.0	0.0	0.0	0.0	0.0	0.0	0.139945	0.078799	0.021946	0.170593	0.0	0.079961	0.049094	0.0	0.013467	0.056001	0.103278	0.151815	0.061136	0.047097	0.026867
WA	0.0	0.034183	0.182859	0.095538	0.182646	0.12535	0.003875	0.134634	0.082365	0.004053	0.0	0.0	0.003226	0.003534	0.0	0.0	0.0	0.044522	0.006866	0.012079	0.043705	0.0	0.017041	0.023526	0.0
WPO	0.0	0.105467	0.134337	0.088986	0.050176	0.19122	0.029544	0.063858	0.089879	0.0	0.016572	0.0	0.0	0.017579	0.0	0.063814	0.0	0.034556	0.004958	0.018121	0.018383	0.0	0.017329	0.055224	0.0
