Cell Type	B_cells	Blood_CD34._cells	Dendritic_cells	Eosinophils	Fibroblasts	Keratinocytes	Lymphatic_endothelial_cells	Macrophages	Monocytes	NK_cells	Neutrophils	Plasma_cells_CD138.	Platelets	Reticulocytes	Subcutaneous_Adipose	T_cells_CD3.	T_cells_CD4.	T_cells_CD8.	T_cells_Gamma_Delta	T_cells_Regulatory	Vascular_Endothelial_Cells
ACD	0.0	0.0	0.109688	0.0	0.04275	0.423225	0.0	0.0	0.0	0.0	0.0	0.0	0.0	0.0	0.32435	0.099987	0.0	0.0	0.0	0.0	0.0
ACN	0.0	0.0	0.039985	0.0	0.055249	0.481606	0.0	0.049071	0.043397	0.0	0.00497	0.0	0.0	0.0	0.325721	0.0	0.0	0.0	0.0	0.0	0.0
ALO	0.0	0.0	0.093665	0.007172	0.0	0.585944	0.0	0.0	0.0	0.0	0.0	0.0	0.0	0.0	0.302528	0.0	0.0	0.010692	0.0	0.0	0.0
ATD	0.0	0.0	0.026961	0.00223	0.03275	0.601393	0.0	0.0	0.0	0.0	0.0	0.0	0.0	0.0	0.298855	0.0	0.006876	0.019244	0.0	0.011691	0.0
BCC	0.0	0.004296	0.0	0.017643	0.104988	0.687349	0.0	0.0	0.0	0.001751	0.011923	0.032827	0.0	0.0	0.127951	0.0	0.0	0.011272	0.0	0.0	0.0
BU	0.0	0.0	0.0	0.0	0.121608	0.483944	0.0	0.03959	0.092467	0.0	0.081841	0.0	0.0	0.0	0.18055	0.0	0.0	0.0	0.0	0.0	0.0
CHA	0.0	0.0	0.047643	0.0	0.0	0.498876	0.0	0.00182	0.138659	0.005871	0.015323	0.0	0.0	0.0	0.253664	0.0	0.0	0.038144	0.0	0.0	0.0
DLE	0.037071	0.0	0.055005	0.0	0.0	0.47275	0.0	0.0	0.052258	0.0	0.015675	0.0	0.0	0.0	0.210373	0.035821	0.0	0.121047	0.0	0.0	0.0
ENL	0.0	0.0	0.0	0.0	0.10009	0.220936	0.0	0.227867	0.115105	0.017447	0.011454	0.039785	0.0099	0.0	0.220783	0.03612	0.0	0.000514	0.0	0.0	0.0
ICD	0.0	0.002873	0.039915	0.013104	0.0	0.812989	0.0	0.0	0.0	0.0	0.0	0.0	0.0	0.039293	0.075995	0.0	0.007103	0.001538	0.0	0.007191	0.0
LL	0.035075	0.0	0.0	0.0	0.048668	0.148276	0.0	0.398998	0.0	0.020564	0.0	0.089989	0.0	0.0	0.222162	0.0	0.0	0.036268	0.0	0.0	0.0
MEL	0.002624	0.0	0.0	0.006715	0.115282	0.393107	0.0	0.111457	0.0	0.0	0.001099	0.074682	0.0	0.0	0.268678	0.00664	0.0	0.0	0.019717	0.0	0.0
MF	0.003687	0.0	0.154526	0.0	0.066839	0.18373	0.0	0.062311	0.0	0.0	0.0	0.040155	0.0	0.0	0.130414	0.158136	0.0	0.0	0.200203	0.0	0.0
NS	0.0	0.0	0.0	0.0	0.0	0.580852	0.0	0.0	0.0	0.0	0.0	0.0	0.0	0.0	0.419148	0.0	0.0	0.0	0.0	0.0	0.0
PS	0.0	0.0	0.022388	0.0	0.014717	0.652574	0.0	0.0	0.035646	0.0	0.008215	0.0	0.0	0.0	0.266461	0.0	0.0	0.0	0.0	0.0	0.0
RR	0.011906	0.0	0.055429	0.0	0.046643	0.246377	0.0	0.233513	0.023039	0.000925	0.0	0.06023	0.001449	0.0	0.235662	0.017617	0.0	0.051124	0.016087	0.0	0.0
SAR	0.035775	0.0	0.047267	0.0	0.062481	0.243575	0.0	0.257885	0.008641	0.0	0.0	0.01494	0.0	0.0	0.219361	0.01795	0.0	0.050622	0.041501	0.0	0.0
SCC	0.0	0.0	0.012531	0.0	0.026024	0.75809	0.0	0.012847	0.01172	0.0	0.023486	0.038192	0.0	0.0	0.113483	0.0	0.0	0.0	0.003626	0.0	0.0
SJS	0.0	0.0	0.024362	0.0	0.0	0.0	0.0	0.201063	0.355867	0.042721	0.032064	0.0	0.0	0.0	0.0	0.0	0.0	0.11218	0.160849	0.070894	0.0
WA	0.0	0.012138	0.0	0.003737	0.041498	0.368775	0.0	0.0	0.0	0.0	0.0	0.015692	0.0	0.0	0.55816	0.0	0.0	0.0	0.0	0.0	0.0
WPO	0.0	0.0	0.020186	0.0	0.125689	0.411514	0.0	0.084406	0.070968	0.0	0.035596	0.0	0.0	0.0	0.251641	0.0	0.0	0.0	0.0	0.0	0.0
