Cell Type	Chondrocyte.articular	B.cell.naive	B.cell.memory	Monocyte.CD14	NK.cell.CD56	Endothelial.large.blood.vessel	Endothelial.microvascular.mammary.or.endometrial	Endothelial.microvascular.non.reproductive	Epithelial.cell.mammary	Epithelial.renal.cortical	Epithelial.respiratory	Fibroblast.cardiac.ventricle	Fibroblast.of.arm	Fibroblast.of.lung	Fibroblast.of.the.aortic.adventitia	Fibroblast.or.papilla.dermal.cell	Hair.follicular.keratinocyte	Macrophage	Mature.neutrophil	Melanocyte.of.skin	Myometrial.cell	Osteoblast	MSC.like.pluripotent.cell	Myocyte.regular.cardiac	Smooth.muscle.cell.aortic	Smooth.muscle.cell.bronchial	Smooth.muscle.cell.of.bladder	Smooth.muscle.cell.coronary.artery	Smooth.muscle.cell.pulmonary.artery	Smooth.muscle.cell.of.trachea	Smooth.muscle.cell.uterine	T.Cell.CD4	T.cell.CD4.memory	T.cell.CD8.memory
ACD	0.018804	0.0	0.061372	0.102209	0.037029	0.0	0.063271	0.035657	0.026761	0.007878	0.116739	0.082154	0.061036	0.0	0.001224	0.042011	0.062732	0.051377	0.057066	0.017679	0.0	0.0	0.0	0.0	0.00379	0.004864	0.0	0.012348	0.0	0.0	0.0	0.044907	0.089091	0.0
ACN	0.01092	0.003366	0.031732	0.07456	0.032708	0.0	0.036571	0.050682	0.0	0.035824	0.165422	0.095481	0.062241	0.0	0.0	0.055387	0.051414	0.083656	0.077732	0.024574	0.015843	0.0	0.0	0.0	0.0	0.014196	0.0	0.0	0.0	0.0	0.0	0.023171	0.054519	0.0
ALO	0.0	0.0	0.055036	0.065506	0.033645	0.0	0.010356	0.047125	0.067471	0.021476	0.185424	0.08553	0.049348	0.0	0.0	0.036509	0.063767	0.076302	0.079599	0.009705	0.005763	0.0	0.0	0.0	0.0	0.0	0.0	0.0	0.0	0.0	0.0	0.018754	0.088685	0.0
ATD	0.000518	0.00978	0.040133	0.038521	0.026663	0.0	0.093304	0.041771	0.024077	0.0186	0.13577	0.05232	0.034291	0.0	0.0	0.055203	0.143463	0.040634	0.08067	0.041856	0.0	0.0	0.0	0.0	0.001839	0.015231	0.0	0.0	0.0	0.0	0.0	0.079037	0.026317	0.0
BCC	0.016943	0.024592	0.032195	0.024608	0.046883	0.0	0.051119	0.034135	0.06126	0.042636	0.110859	0.018171	0.044795	0.0	0.022107	0.014957	0.152347	0.034472	0.078651	0.049521	0.035846	0.002249	0.0	0.0	0.0	0.002495	0.0	0.011637	0.0	0.0	0.0	0.062596	0.024928	0.0
BU	0.005026	0.0	0.030233	0.102235	0.030991	0.0	0.098879	0.020524	0.0	0.0	0.126244	0.061324	0.079337	0.0	0.0	0.014081	0.183614	0.063425	0.069005	0.031184	0.003993	0.0	0.0	0.0	0.0	0.0	0.0	0.016689	0.0	0.0	0.0	0.025954	0.032423	0.004839
CHA	0.011429	0.004827	0.053914	0.095431	0.035991	0.0	0.048878	0.042054	0.026346	0.025222	0.17435	0.055887	0.022533	0.0	0.0	0.028465	0.045285	0.047645	0.096043	0.053166	0.0	0.0	0.0	0.0	0.0	0.002186	0.0	0.00899	0.0	0.0	0.0	0.039232	0.041243	0.040883
DLE	0.0	0.0	0.068335	0.07205	0.043754	0.0	0.049178	0.021923	0.037309	0.0	0.13626	0.070837	0.053144	0.0	0.0	0.011164	0.047954	0.082985	0.096676	0.046941	0.0	0.0	0.0	0.0	0.0	0.0	0.0	0.0	0.0	0.0	0.0	0.013689	0.110224	0.037577
ENL	0.023898	0.0	0.085446	0.119476	0.037263	0.0	0.072884	0.037168	0.000773	0.029489	0.049879	0.039815	0.050515	0.030539	0.0	0.021801	0.021148	0.118444	0.096849	0.027015	0.007257	0.0	0.0	0.0	0.0	0.004614	0.0	0.00609	0.0	0.0	0.0	0.026668	0.065829	0.027143
ICD	0.0	0.023552	0.040276	0.022205	0.038076	0.0	0.043916	0.004966	0.028151	0.014822	0.214807	0.02472	0.033702	0.0	0.0	0.009376	0.138449	0.084055	0.082128	0.040763	0.04901	0.0	0.0	0.0	0.0	0.0	0.0	0.0	0.0	0.0	0.0	0.075273	0.03175	0.0
LL	0.010838	0.000844	0.102208	0.10101	0.038106	0.0	0.044186	0.035521	0.0	0.038734	0.040756	0.035412	0.023468	0.02377	0.0	0.042549	0.0	0.223794	0.079296	0.045963	0.000263	0.0	0.0	0.0	0.0	0.0	0.0	0.0	0.0	0.0	0.0	0.039853	0.02579	0.047641
MEL	0.0	0.0	0.057522	0.041027	0.034264	0.0	0.081578	0.024443	0.0	0.025516	0.052385	0.056773	0.079298	0.0	0.0	0.0081	0.053195	0.093069	0.06984	0.201314	0.034956	0.0	0.0	0.0	0.0	0.013653	0.0	0.0	0.0	0.0	0.0	0.049926	0.023141	0.0
MF	0.0	0.0	0.074446	0.051734	0.071307	0.0	0.122419	0.0	0.0	0.002908	0.0	0.0	0.057365	0.0	0.0	0.0	0.083812	0.098073	0.059801	0.037997	0.061057	0.0	0.007186	0.0	0.0	0.0	0.0	0.0	0.0	0.0	0.005656	0.027896	0.151113	0.087229
NS	0.013795	0.009625	0.041202	0.057562	0.03452	0.0	0.035513	0.071685	0.04687	0.027798	0.173547	0.092087	0.036544	0.0	0.0	0.067182	0.045045	0.055062	0.069649	0.017398	0.0	0.0	0.0	0.0	0.001596	0.013237	0.0	0.0	0.0	0.0	0.0	0.058811	0.031272	0.0
PS	0.004779	0.00403	0.043781	0.063717	0.036961	0.0	0.073007	0.030802	0.0	0.016009	0.200059	0.047947	0.065269	0.0	0.0	0.023216	0.113	0.057009	0.075091	0.038218	0.007737	0.0	0.0	0.0	0.003049	0.0	0.0	0.0	0.0	0.0	0.0	0.027412	0.054284	0.014624
RR	0.011737	0.009837	0.075524	0.099288	0.036596	0.0	0.062345	0.040776	0.007958	0.03727	0.059671	0.061979	0.01469	0.015096	0.0	0.043496	0.016827	0.117645	0.09238	0.034484	0.013753	0.0	0.0	0.0	0.0	0.000666	0.0	0.0	0.0	0.0	0.0	0.054439	0.02653	0.067012
SAR	0.041918	0.0	0.076024	0.10819	0.038126	0.0	0.017265	0.057247	0.005085	0.033228	0.046116	0.067664	0.008075	0.0	0.005465	0.022019	0.082044	0.146781	0.061159	0.026913	0.0	0.0	0.0	0.0	0.0	0.011287	0.0	0.002193	0.0	0.0	0.0	0.05143	0.0503	0.041469
SCC	0.0	0.009847	0.043379	0.028349	0.047706	0.0	0.087467	0.003184	0.010646	0.032039	0.201707	0.006238	0.061454	0.0	0.0	0.0	0.189094	0.057174	0.080956	0.041117	0.02226	0.0	0.0	0.0	0.0	0.0	0.0	0.0	0.0	0.0	0.0	0.029174	0.04821	0.0
SJS	0.0	0.0	0.069523	0.192367	0.097956	0.0	0.076865	0.0	0.0	0.0	0.0	0.000775	0.036875	0.0	0.0	0.0	0.043852	0.127034	0.087999	0.026182	0.024946	0.0	0.0	0.0	0.0	0.0	0.0	0.0	0.0	0.0	0.0	0.017359	0.066019	0.132247
WA	0.023009	0.0	0.034714	0.046901	0.034901	0.0	0.025838	0.110153	0.016942	0.073312	0.075921	0.140619	0.037292	0.0	0.0	0.083902	0.003245	0.062522	0.075599	0.013974	0.0	0.0	0.0	0.0	0.0	0.058244	0.0	0.0	0.0	0.0	0.0	0.063123	0.019789	0.0
WPO	0.041296	0.0	0.024232	0.092786	0.027082	0.0	0.095945	0.042759	0.0	0.027892	0.083812	0.05555	0.065526	0.0	0.000858	0.016357	0.122503	0.085325	0.068215	0.039421	0.015834	0.0	0.0	0.0	0.017023	0.008748	0.0	0.003129	0.0	0.0	0.0	0.025317	0.04039	0.0
